4101200;67.8754;-163.6774;1.242;20.461;67.187;21.808
4101400;70.2814;-148.9628;0.031;26.707;123.566;22.635
4101451;69.01;-148.82;2.925;15.722;146.429;27.546
4101700;70.4954;-157.3958;0.001;11.917;58.031;10.749
4101800;67.571;-162.9468;;;;
4102100;61.8704;-158.1032;408.336;1127.958;1924.359;1280.768
4102200;59.9348;-158.19;92.237;98.316;347.799;219.98
4102300;61.5045;-149.0328;50.095;71.791;598.547;184.636
4102310;61.6086;-149.073;20.265;47.776;314.517;88.473
4102450;62.3464;-150.0192;18.582;63.702;262.953;99.059
4102500;58.4297;-134.5728;4.09;9.944;84.854;42.248
4102600;58.54;-133.7;68.37;238.039;857.27;334.694
4102705;60.3706;-148.8967;;;7.299;2.978
4102710;60.6711;-144.7467;248.851;583.603;4825.316;1268.939
4102720;62.5204;-145.533;11.086;34.874;50.66;30.176
4102800;61.5442;-150.5147;268.57;874.808;3235.841;1887.335
4102810;62.1778;-150.1772;131.735;369.897;1661.76;817.926
4102820;62.7673;-149.6934;50.167;189.501;643.923;234.098
4102850;60.4769;-151.0817;56.783;60.89;352.568;221.64
4103200;61.9337;-162.8829;1808.329;4372.417;12918.161;7266.413
4103530;65.6648;-149.0989;0.007;15.487;8.945;3.084
4103550;65.8751;-149.7203;864.196;2523.434;7040.604;3206.861
4103600;64.5648;-149.0941;205.568;432.747;1523.896;603.992
4103602;64.7923;-147.8413;172.322;351.806;1293.836;488.849
4103630;64.8454;-147.7035;10.682;31.948;61.031;37.457
4103631;64.8004;-147.2302;8.391;24.457;47.715;35.058
4103633;64.9024;-146.3594;4.396;18.551;35.288;19.177
4103635;64.8857;-147.2496;1.445;5.251;9.176;5.787
4103650;64.4724;-146.9263;8.925;39.164;83.075;39.823
4103710;67.4239;-140.8938;27.35;353.705;719.0;229.159
4103800;64.7892;-141.2001;693.932;1648.196;4899.584;2299.102
4103820;64.3089;-141.4045;0.888;118.979;181.313;53.01
4113300;47.9275;-97.0281;55.052;377.421;212.645;103.651
4113301;48.5722;-97.1476;57.444;444.019;246.558;110.116
4113302;47.3519;-96.8437;30.888;241.194;130.706;60.406
4113303;46.8611;-96.7837;17.732;103.969;60.991;26.696
4113304;46.6597;-96.7959;16.511;69.331;44.408;21.376
4113305;46.2652;-96.5948;16.168;60.965;40.164;19.921
4113306;47.26;-96.24;3.658;18.986;11.899;6.442
4113307;47.4;-97.06;0.792;17.743;7.451;2.031
4113308;48.28;-97.37;0.361;7.039;2.784;0.769
4113309;48.42;-97.41;0.194;10.444;2.947;0.678
4113310;46.468;-96.7837;0.913;25.511;12.245;3.798
4113315;47.8875;-96.2739;3.642;25.349;15.098;7.731
4113321;47.7755;-96.6095;22.087;82.074;56.061;35.507
4113330;46.1522;-96.5792;1.388;31.379;13.797;4.251
4113340;46.9052;-97.0526;0.583;18.556;7.032;2.038
4113350;48.9139;-97.917;1.464;36.996;15.904;4.497
4113351;48.9897;-97.557;1.474;40.426;18.048;4.662
4113360;47.8056;-98.7162;0.579;11.936;5.401;2.557
4113361;47.4328;-98.0276;1.321;20.512;10.119;5.389
4113363;46.4469;-97.6763;4.821;30.628;14.739;7.936
4113364;46.6316;-97.0006;5.97;34.586;18.143;9.839
4113365;46.8911;-96.907;6.364;34.709;20.221;10.714
4113400;48.5056;-100.4349;2.054;21.519;21.408;4.401
4113401;48.1597;-100.7296;1.771;19.976;16.576;3.258
4113402;48.2458;-101.3713;1.489;15.523;13.718;2.524
4113404;48.13;-100.53;0.106;2.576;1.104;0.367
4113405;48.58;-100.44;0.161;6.503;4.008;0.48
4113406;48.58;-100.86;;2.632;1.77;
4113409;48.9964;-100.9581;2.049;31.894;34.47;6.63
4113410;48.9811;-103.0766;0.038;4.782;2.208;0.091
4113420;48.3706;-101.5702;0.115;2.787;1.752;0.347
4113500;48.83;-113.42;3.464;22.262;47.302;11.243
4113600;48.3958;-93.5493;7.45;60.713;29.869;21.117
4113900;47.9227;-91.5351;2.312;7.502;6.766;2.718
4115080;46.2748;-122.9146;412.234;293.694;165.646;200.361
4115081;46.5104;-122.6162;264.104;184.094;133.0;158.53
4115082;46.6129;-121.6793;48.097;58.032;51.81;33.04
4115100;44.9443;-123.0429;1200.427;711.398;282.706;460.59
4115101;45.5185;-122.6679;1828.688;1092.678;381.814;619.213
4115102;44.2704;-123.1737;518.231;335.654;174.43;239.774
4115105;44.0698;-122.7712;149.408;101.78;50.057;60.008
4115106;44.1248;-122.4706;165.642;135.939;84.11;95.517
4115200;45.6073;-121.1734;4625.834;6507.144;6092.772;3222.424
4115201;46.1815;-123.184;7445.935;8478.784;6870.47;4354.002
4115202;46.6287;-119.8648;3136.439;3720.406;4221.593;2325.887
4115203;47.3324;-120.0812;3060.004;3613.273;4100.784;2268.662
4115204;47.5243;-120.3023;3023.851;3506.607;4012.897;2238.695
4115205;47.9465;-119.8667;2961.181;3497.043;3999.953;2200.863
4115206;47.9654;-118.9828;2897.668;3211.936;3697.328;2146.063
4115210;45.7565;-121.2101;55.731;68.104;37.356;24.437
4115211;46.2648;-121.2451;7.198;16.037;9.391;4.004
4115220;44.7937;-120.0067;48.844;134.471;29.865;9.345
4115221;45.5876;-120.4095;47.737;137.052;33.202;8.808
4115222;44.4193;-118.9038;5.031;10.149;4.163;2.516
4115223;44.8138;-119.4317;30.932;94.869;20.379;4.828
4115224;44.8888;-119.1414;5.391;19.326;4.572;1.365
4115226;44.4923;-121.2984;43.819;50.213;37.762;38.488
4115230;47.5832;-120.614;47.019;127.623;128.291;41.83
4115231;47.4993;-120.4245;52.407;139.471;133.387;43.974
4115235;48.0774;-119.9851;12.573;75.173;78.766;14.436
4115236;48.4735;-120.1773;8.422;60.883;61.593;10.088
4115240;45.9029;-119.327;21.254;31.995;4.727;6.556
4115241;45.7196;-118.3233;8.03;14.39;2.822;2.009
4115250;46.0276;-118.7297;29.373;33.444;4.504;3.988
4115260;46.2535;-119.4781;117.668;149.651;73.431;66.655
4115261;46.5343;-120.4673;85.162;146.122;123.901;64.057
4115262;46.8626;-120.4801;49.56;87.847;104.876;38.362
4115270;46.8299;-119.8312;5.412;5.982;5.665;7.469
4115280;45.6221;-120.9026;196.261;188.165;139.579;141.534
4115281;44.726;-121.2484;148.307;142.665;118.272;123.775
4115282;44.4987;-121.3212;36.332;28.104;17.757;24.497
4115290;47.8346;-120.0131;56.506;54.226;76.667;54.479
4115300;48.6324;-119.4617;36.837;129.954;137.976;35.927
4115301;48.2813;-119.7045;38.09;131.956;141.236;36.455
4115305;48.9846;-119.6184;21.71;105.16;109.12;21.811
4115310;48.9813;-118.7664;7.642;99.586;68.158;8.915
4115311;48.9843;-118.2164;17.009;185.095;129.12;16.124
4115322;48.9963;-116.5085;400.993;511.404;605.748;291.695
4115330;48.4952;-114.0101;22.71;128.073;145.892;29.249
4115331;47.3674;-114.5851;278.18;367.844;490.502;211.184
4115332;47.6802;-114.2468;270.829;353.576;471.451;200.568
4115333;47.9791;-113.5609;;;107.534;15.586
4115340;46.8996;-113.7565;16.219;76.508;65.557;17.084
4115344;46.3977;-112.7428;6.067;8.227;8.639;5.792
4115345;47.3019;-115.0874;90.635;316.916;296.635;86.971
4115346;48.0916;-116.1177;417.459;821.955;894.516;323.747
4115347;47.4297;-114.856;367.381;676.676;791.523;294.331
4115348;48.8691;-114.1268;66.452;234.187;229.893;68.233
4115349;46.8771;-113.9323;38.794;130.083;119.952;40.21
4115350;47.5546;-116.324;61.534;160.827;43.285;19.88
4115351;47.5688;-116.2527;47.474;123.317;29.381;14.611
4115400;47.8366;-117.8413;207.738;401.638;155.957;83.439
4115401;47.6593;-117.4491;167.918;364.18;135.326;65.106
4115403;47.703;-116.978;165.017;368.277;123.109;59.716
4115410;47.2749;-116.1885;38.067;138.231;66.81;17.928
4115450;46.8319;-114.054;26.896;101.719;107.126;27.567
4115451;45.9721;-114.1415;7.073;41.051;41.094;8.945
4116150;45.6199;-117.7266;5.825;21.813;21.669;3.066
4116181;46.0971;-116.9776;701.878;1455.657;1094.719;492.424
4116183;45.2513;-116.6982;490.07;715.654;482.577;333.068
4116184;44.2454;-116.981;424.539;643.805;400.528;338.746
4116185;43.8766;-116.9849;322.475;419.238;282.58;282.149
4116186;43.2918;-116.4209;272.693;313.68;231.219;235.325
4116187;43.0021;-115.2026;261.602;301.472;252.025;240.277
4116188;42.6731;-113.5003;76.674;195.57;297.76;111.788
4116189;42.7682;-112.8792;71.738;222.596;361.504;113.333
4116190;43.4138;-112.1355;98.88;217.385;245.763;114.388
4116191;43.3508;-111.2191;54.609;195.79;350.839;114.102
4116193;44.0891;-110.6947;9.994;40.271;45.008;9.784
4116200;46.7585;-118.1488;28.0;36.058;3.864;2.553
4116201;46.9152;-116.951;10.869;17.571;1.333;0.818
4116300;46.4485;-116.8274;242.09;762.111;578.775;141.99
4116301;46.4785;-116.2574;123.741;496.741;311.498;68.683
4116311;46.8405;-115.6507;54.941;188.731;113.319;33.865
4116320;46.0867;-115.5139;42.916;205.285;148.181;29.507
4116325;46.1508;-115.5872;34.776;156.976;104.489;21.844
4116330;45.7503;-116.3239;128.232;498.317;497.859;129.682
4116331;45.3222;-114.4411;40.654;92.059;108.882;45.069
4116332;45.1836;-113.8953;30.152;63.049;83.572;32.378
4116333;44.2682;-114.7337;11.258;37.007;40.357;13.227
4116335;45.2936;-114.5964;28.566;128.537;130.637;33.5
4116340;44.9399;-113.6401;6.188;6.939;8.275;5.736
4116350;42.771;-115.7204;3.834;20.154;10.558;2.08
4116351;41.9332;-115.6745;0.897;7.091;2.198;0.42
4116360;44.2225;-114.9311;2.531;7.909;8.9;2.721
4116370;44.525;-114.0469;7.587;6.216;5.119;6.821
4116400;44.0424;-116.9252;58.961;138.609;89.419;32.258
4116401;43.9304;-116.4426;48.858;138.29;98.55;27.324
4116402;43.9424;-116.1968;42.563;137.225;135.414;38.264
4116405;44.1138;-116.1079;17.257;49.069;58.659;18.215
4116406;44.5249;-116.0468;12.86;29.267;52.185;16.503
4116407;44.9074;-116.1187;2.993;20.721;13.733;4.394
4116450;43.6546;-117.2554;4.292;20.768;7.473;3.233
4116451;42.8671;-117.6488;16.331;57.558;9.73;4.055
4116452;41.8605;-115.9893;0.805;5.915;3.433;0.993
4116460;43.6602;-116.279;18.681;62.058;41.664;12.189
4116461;43.6591;-115.727;15.003;68.127;43.253;11.506
4116470;43.826;-111.905;54.557;84.969;70.263;45.85
4116471;43.9666;-111.673;47.032;75.575;57.234;40.698
4116480;43.1305;-112.4772;2.646;3.989;2.72;3.495
4116481;42.8166;-111.5105;0.904;4.789;3.225;1.447
4118100;38.7696;-119.8338;1.357;5.917;3.374;0.695
4118105;39.293;-119.2515;8.952;20.163;11.509;1.781
4118110;39.1527;-119.0982;3.367;5.505;7.175;1.451
4118220;34.4208;-117.8395;0.564;0.74;0.298;0.131
4118300;33.745;-116.5356;0.198;0.128;0.009;0.01
4118310;33.6311;-116.3922;0.088;0.039;0.004;0.004
4118320;35.8486;-116.23;0.175;0.034;0.017;0.053
4118410;40.6074;-116.2017;4.712;21.592;15.353;1.816
4118420;42.791;-118.8677;1.962;7.133;4.125;1.23
4118440;40.6924;-118.2043;3.913;12.706;12.245;1.323
4118800;37.6511;-112.4302;1.793;4.663;4.326;2.104
4118850;39.3747;-112.0396;2.232;8.731;14.681;1.217
4119050;46.6402;-94.8792;10.624;19.606;14.664;12.391
4119070;45.0866;-93.7341;9.639;64.403;48.296;18.378
4119080;45.4069;-92.6472;73.146;234.574;130.99;113.739
4119090;44.1111;-94.0413;4.936;37.936;30.054;13.388
4119100;44.9336;-93.1058;209.66;837.877;597.696;311.088
4119101;46.5405;-93.7075;60.275;116.625;93.071;66.677
4119150;42.74;-91.2618;15.975;62.674;48.016;18.314
4119170;41.767;-90.5349;30.019;101.898;83.48;28.619
4119200;41.5598;-90.1821;198.845;337.521;263.556;148.173
4119201;42.6092;-89.0707;53.951;117.365;79.665;47.082
4119210;42.3028;-89.6196;26.911;45.479;38.368;24.007
4119220;42.1945;-88.9987;23.538;41.083;29.421;13.691
4119230;41.4889;-90.1576;20.967;34.277;23.135;11.204
4119250;41.1781;-91.1821;145.75;451.776;424.831;155.505
4119251;41.6567;-91.541;37.425;108.036;113.529;33.312
4119252;42.0658;-92.9077;12.97;55.935;50.681;14.739
4119260;41.9706;-91.6671;65.226;241.509;228.582;81.893
4119261;42.4955;-92.3344;47.434;199.436;176.357;65.602
4119262;42.6483;-92.4652;15.39;63.914;53.504;22.248
4119263;43.0625;-92.6732;9.245;42.992;30.611;16.605
4119264;41.41;-91.2852;83.707;293.389;270.953;99.186
4119265;42.7119;-92.583;12.893;61.078;53.271;22.417
4119270;40.7536;-91.2779;45.997;162.256;132.134;45.981
4119271;41.3558;-92.6569;16.279;57.999;54.059;17.491
4119280;40.7278;-91.9596;104.961;385.35;440.362;125.074
4119281;42.2511;-93.998;26.83;166.709;138.638;42.114
4119282;42.5061;-94.2014;20.241;121.442;102.804;32.967
4119283;42.7239;-94.1919;6.298;40.158;32.081;10.465
4119285;41.5339;-93.95;20.004;95.784;94.821;29.254
4119286;41.988;-94.3769;8.537;45.565;44.687;11.96
4119288;42.4336;-93.8036;4.449;32.42;26.623;6.248
4119290;39.6123;-91.4085;40.036;81.995;83.406;33.58
4119295;39.0164;-90.9835;20.385;37.239;14.019;12.063
4119300;40.3937;-91.3743;1395.78;3597.095;2820.434;1581.269
4119310;41.3467;-88.1864;169.209;229.764;132.448;73.54
4119311;41.16;-87.6686;78.373;96.874;60.56;42.896
4119312;41.1828;-87.3403;59.106;72.821;45.865;34.398
4119313;41.2195;-86.9686;45.396;55.387;34.982;26.253
4119315;41.0089;-87.8234;65.458;92.996;49.488;20.508
4119317;41.3845;-88.7892;61.217;99.856;64.535;40.604
4119318;41.2084;-88.9309;31.803;49.224;19.098;9.754
4119321;40.7073;-90.2801;23.549;43.253;22.553;7.742
4119322;40.49;-90.3404;36.359;67.983;35.624;12.563
4119325;40.132;-89.7357;41.973;68.213;38.645;17.845
4119327;40.0248;-90.6318;22.146;52.656;28.047;11.753
4119400;39.7034;-90.6454;663.884;1092.719;737.552;371.084
4119401;41.1073;-89.3565;407.251;605.254;396.803;249.426
4119410;40.1239;-89.9851;113.311;190.921;107.809;49.683
4119430;44.0602;-91.2874;21.507;94.33;49.949;34.683
4119431;44.5597;-90.6151;4.196;37.975;12.693;11.414
4119440;44.6283;-91.9691;131.65;360.918;196.193;183.544
4119441;44.9269;-91.4093;74.083;247.565;121.752;116.282
4119442;45.4522;-91.261;27.105;68.044;37.831;36.345
4119445;44.8839;-91.9327;28.74;59.369;38.686;36.795
4119447;45.3725;-91.2096;27.898;74.64;43.002;41.711
4119450;43.198;-90.4435;183.769;346.991;244.754;188.466
4119451;43.6061;-89.7571;129.769;267.843;175.21;140.245
4119452;44.3947;-89.8254;77.021;199.127;106.148;96.274
4119453;44.8858;-89.6348;62.455;147.803;80.014;79.311
4119454;45.8305;-89.5524;19.138;14.246;13.932;14.676
4119460;44.693;-93.6419;56.767;369.053;251.13;101.925
4119461;44.9333;-95.7336;15.621;109.896;58.21;24.534
4119510;42.0834;-90.6329;24.848;54.98;52.176;25.155
4119600;42.3442;-87.9384;6.093;12.836;5.621;3.116
4119650;41.7806;-90.2521;967.523;2460.524;1855.638;1197.82
4120100;48.1709;-105.1789;0.736;8.205;3.179;0.807
4120110;46.3847;-105.8453;5.178;14.256;18.21;5.59
4120111;45.1414;-106.7714;4.25;11.985;22.892;6.677
4120112;44.8494;-107.3045;1.524;5.922;8.887;2.095
4120120;46.1247;-107.469;75.857;102.327;127.597;75.773
4120121;44.7586;-108.1815;33.721;54.484;82.856;38.482
4120125;44.8388;-108.434;14.555;24.441;40.354;20.19
4120200;48.1297;-106.3645;6.063;35.988;26.993;7.686
4120201;48.4031;-108.2937;;9.228;10.616;0.073
4120202;48.5639;-109.6958;2.093;13.255;25.031;5.57
4120210;48.6514;-109.2305;;0.081;0.771;
4120220;48.5267;-109.8416;;;1.453;
4120300;47.9325;-110.5144;0.618;1.985;2.305;0.442
4120301;47.9302;-111.5528;1.27;2.83;3.332;0.966
4120310;47.9464;-110.5805;;;27.011;
4120311;48.4272;-111.8897;6.348;33.343;37.437;8.662
4120320;46.9947;-107.889;2.547;11.542;14.482;2.538
4120321;46.428;-108.5726;1.55;5.78;10.289;2.186
4120322;46.43;-109.8407;1.628;4.751;6.426;1.673
4120330;45.8977;-111.5966;33.392;68.06;75.414;34.223
4120331;45.6138;-112.33;27.288;62.146;67.164;29.588
4120800;47.3494;-106.3578;1.066;2.094;0.962;0.081
4120900;48.125;-104.4727;257.472;251.094;318.157;228.4
4120902;48.005;-110.2577;173.444;243.99;290.537;162.442
4120903;46.146;-111.4205;97.08;158.992;173.655;97.514
4120950;47.6784;-104.1566;147.893;316.848;521.165;178.677
4120951;45.8;-108.4674;72.917;199.449;406.983;102.273
4120952;45.5972;-110.566;34.897;112.523;233.227;53.066
4120953;45.1119;-110.7944;24.325;97.187;203.186;41.18
4120955;43.2425;-109.0104;8.113;22.679;72.37;20.806
4120956;43.425;-108.179;20.029;34.128;61.301;24.163
4120960;44.9269;-105.3533;0.649;1.654;0.528;0.208
4121100;47.5958;-103.262;3.346;42.001;15.369;4.361
4121101;46.2978;-103.9175;2.024;27.093;8.477;2.937
4121102;45.5469;-103.9735;1.331;11.814;3.601;0.802
4121110;47.2853;-101.6221;1.465;13.067;4.08;1.826
4121111;47.1545;-102.0599;0.496;5.782;2.039;0.669
4121120;46.3761;-100.9344;1.33;23.98;5.576;1.895
4121121;46.4267;-102.5518;0.197;3.09;0.743;0.222
4121125;46.0917;-101.3337;0.498;9.066;1.79;0.685
4121126;46.1542;-102.474;0.198;3.522;0.714;0.26
4121130;45.1978;-102.1565;1.765;13.665;4.834;1.518
4121131;45.2558;-100.8429;3.433;29.619;9.975;2.804
4121140;43.3055;-103.821;0.893;3.012;1.688;0.661
4121141;44.5317;-101.9302;8.413;48.231;30.323;13.017
4121142;44.0811;-102.4013;6.289;19.465;14.278;7.597
4121145;44.3219;-104.9405;0.337;1.466;0.521;0.253
4121146;44.3697;-102.566;6.521;31.212;17.116;7.217
4121147;44.6908;-103.7377;2.779;10.528;3.74;1.694
4121150;44.3266;-100.3843;4.501;15.469;6.042;1.474
4121160;43.7483;-99.5565;11.198;41.252;24.329;9.255
4121161;43.7525;-101.5249;3.61;14.055;9.163;4.805
4121162;43.013;-102.8357;0.837;2.283;1.059;0.392
4121300;43.1858;-97.6356;11.281;101.13;68.05;25.203
4121301;43.9739;-98.0709;8.111;82.516;53.641;22.347
4121304;46.8897;-98.6817;0.644;13.253;14.437;5.947
4121310;42.9908;-96.9639;;;;
4121311;42.8172;-96.9242;2.744;20.915;15.044;4.633
4121320;42.8372;-96.5617;22.882;115.689;79.089;34.524
4121321;44.18;-96.7489;3.492;32.13;17.72;8.413
4121330;42.5767;-96.3122;5.395;16.347;15.832;5.977
4121340;42.4722;-95.7972;13.536;59.934;51.281;18.195
4121341;41.9644;-95.9728;22.94;75.628;74.095;26.637
4121350;41.6425;-95.7828;7.006;16.5;20.123;7.842
4121400;42.7397;-98.2242;53.651;75.137;53.264;45.215
4121401;42.9028;-100.3615;23.76;27.403;19.019;17.879
4121420;45.6578;-100.8182;3.532;23.036;8.368;4.144
4121430;46.8339;-100.9746;1.908;24.465;7.868;3.169
4121431;46.7456;-102.3083;0.515;7.404;2.682;0.909
4121801;41.2589;-95.9225;643.448;1062.177;1374.407;1131.265
4121802;46.8142;-100.8214;552.688;553.227;789.395;586.092
4122100;41.2936;-96.2836;36.544;78.06;77.221;33.84
4122105;41.7128;-96.522;7.611;12.554;14.673;6.903
4122111;41.7792;-100.5254;6.218;6.444;6.375;6.319
4122120;42.4577;-107.1964;;6.634;4.273;
4122130;41.1258;-101.5768;12.505;12.345;27.058;10.881
4122151;41.8722;-107.0575;10.849;50.272;60.064;12.419
4122152;41.9886;-104.0533;5.24;19.904;45.961;13.899
4122153;42.6505;-105.1633;19.122;55.852;77.049;24.844
4122154;40.6375;-106.3384;3.196;18.601;21.814;4.413
4122155;42.0097;-106.5131;1.149;8.21;8.25;1.045
4122160;40.6325;-95.6258;23.723;69.29;82.401;28.804
4122165;40.8731;-95.5803;11.909;30.974;38.084;14.844
4122170;40.3925;-95.8131;4.073;14.988;12.177;4.192
4122180;40.0356;-95.5961;6.394;25.816;16.418;6.836
4122190;39.6889;-94.7044;15.144;55.881;39.339;13.642
4122201;39.2372;-96.5714;33.238;59.119;87.231;34.868
4122211;39.7758;-96.8584;7.739;20.85;21.142;9.639
4122212;40.3328;-98.067;1.96;3.757;5.018;2.14
4122220;38.7267;-98.2337;1.92;5.894;6.726;2.823
4122221;38.7925;-100.8557;0.036;0.076;0.302;0.102
4122222;38.9067;-97.1203;25.224;44.476;50.361;22.485
4122230;39.0042;-97.8742;4.439;6.098;6.455;2.577
4122240;38.9689;-97.4764;11.373;15.793;18.737;7.814
4122250;39.927;-93.9427;18.133;78.652;45.059;18.448
4122251;39.6403;-93.2738;66.06;251.087;159.503;68.475
4122255;40.0795;-93.6444;14.245;62.875;41.331;15.233
4122260;38.9922;-93.1969;21.665;49.294;27.825;17.538
4122270;38.6186;-95.268;14.147;29.499;25.607;12.185
4122271;38.2225;-94.668;37.155;96.071;69.104;35.213
4122280;37.9298;-91.9774;72.79;140.792;45.494;38.501
4122281;38.3889;-91.821;83.983;162.211;54.152;44.462
4122300;38.1914;-92.6074;239.173;480.541;366.843;166.952
4122350;39.3556;-97.1264;9.255;21.766;22.405;10.469
4122351;40.2847;-100.1435;2.709;3.853;5.227;1.499
4122352;40.1411;-101.2288;1.459;2.055;0.581;0.47
4122360;40.1314;-99.5546;0.352;0.601;0.676;0.243
4122370;40.2347;-100.8782;1.406;1.317;0.724;0.839
4122600;41.0153;-96.1581;191.585;286.415;254.396;170.09
4122601;41.0622;-96.3247;164.145;244.501;216.563;151.535
4122602;41.3678;-97.4948;49.061;60.866;57.256;41.688
4122603;40.8745;-98.282;42.264;49.03;48.828;37.81
4122620;40.9656;-96.4506;5.547;14.234;14.451;6.523
4122630;41.4181;-97.7239;44.058;32.388;17.402;13.743
4122635;41.2633;-98.4492;28.239;33.972;28.114;28.204
4122636;41.7769;-99.3796;16.452;18.752;13.029;14.773
4122637;41.2036;-98.4465;36.921;41.42;25.605;32.649
4122638;41.8306;-100.106;13.252;14.33;13.378;13.313
4122639;41.0314;-98.7406;6.145;7.814;5.86;4.447
4122650;40.6819;-95.8469;801.864;1306.469;1595.0;1263.029
4122700;38.9833;-94.9647;118.809;231.885;269.425;121.067
4122701;39.1978;-96.3047;83.426;141.291;185.435;80.909
4122900;38.71;-91.4393;1739.874;3303.981;3197.844;2089.034
4122901;38.9784;-92.7538;1286.315;2462.353;2646.472;1798.947
4122902;39.1119;-94.588;1042.689;1808.969;2162.362;1528.227
4122903;40.0536;-95.4222;861.524;1430.692;1742.157;1333.0
4123050;37.1476;-88.7409;11525.944;12697.139;5189.551;4285.262
4123082;36.744;-84.1583;119.435;125.629;33.476;29.942
4123083;36.8468;-83.3557;31.132;32.849;9.639;8.956
4123085;36.627;-84.5333;85.874;78.18;23.791;19.624
4123090;38.357;-88.5834;17.092;26.368;8.566;3.569
4123095;35.9301;-87.7431;184.481;169.275;47.73;51.725
4123110;38.6348;-88.2973;40.746;58.212;24.507;9.684
4123111;38.0612;-88.1598;122.068;171.18;68.629;28.539
4123120;38.3864;-87.9756;10.561;13.498;4.939;3.041
4123130;38.402;-87.7528;1133.655;1525.798;748.556;373.397
4123131;40.422;-86.897;277.769;322.206;185.057;109.43
4123135;40.782;-86.2639;30.416;35.77;19.223;10.972
4123136;41.1573;-86.5636;32.353;40.119;22.499;13.487
4123137;38.9364;-88.0225;49.797;72.119;31.37;11.343
4123140;38.0828;-87.7695;4.812;6.192;2.34;1.935
4123200;40.0473;-86.0167;37.102;43.834;20.815;13.148
4123201;38.9275;-87.0114;204.508;263.824;126.227;71.103
4123202;38.5109;-87.2895;518.669;699.159;305.487;156.07
4123205;39.2001;-85.9255;79.355;98.975;46.951;24.023
4123206;38.9826;-85.8991;118.681;147.525;69.827;32.788
4123207;38.6673;-86.7922;246.067;329.535;134.095;66.482
4123208;39.5292;-86.7819;19.184;24.426;11.398;6.491
4123209;39.3609;-85.9975;21.576;26.693;13.389;6.257
4123210;39.3392;-85.9864;62.524;69.828;16.976;12.971
4123220;37.2681;-85.8861;122.766;123.141;37.246;37.816
4123225;38.2376;-86.2283;30.121;39.409;10.011;9.536
4123230;39.3912;-84.5722;156.387;190.808;82.61;52.805
4123235;39.8695;-84.2824;27.359;33.184;13.274;7.969
4123240;38.2687;-84.8147;30.627;31.532;10.978;10.865
4123245;37.7673;-85.7038;80.435;94.594;22.289;21.228
4123250;38.7087;-84.3105;183.662;204.688;56.523;51.777
4123251;38.5978;-84.2666;136.51;151.718;40.089;48.69
4123255;38.8037;-83.421;20.912;24.798;5.347;4.599
4123260;39.2123;-82.8638;212.239;257.953;108.077;67.446
4123265;38.1798;-81.7115;21.784;26.479;8.338;6.228
4123268;38.1382;-81.2143;473.13;526.574;209.233;200.236
4123270;37.6401;-80.8051;95.628;117.929;27.293;26.732
4123271;37.7243;-80.6415;80.755;99.453;24.32;24.349
4123272;38.186;-80.1306;37.1;45.828;10.339;11.791
4123275;37.544;-81.0104;18.879;23.198;7.065;5.276
4123277;36.9376;-80.7456;105.287;117.064;70.317;58.337
4123278;36.6474;-80.979;62.492;69.683;43.432;36.474
4123280;39.329;-82.0876;41.58;54.843;16.977;11.819
4123290;39.4751;-80.9972;33.998;30.349;9.38;7.142
4123300;38.2803;-85.7991;5007.309;5803.632;2009.503;1761.696
4123310;38.8042;-85.6739;16.758;20.538;5.694;4.678
4123320;40.6759;-80.5406;21.124;24.938;9.515;7.715
4123330;39.1504;-80.0387;84.238;87.986;28.06;27.835
4123331;39.0293;-79.9359;35.692;38.595;11.786;11.05
4123335;39.0723;-79.6228;31.577;37.91;13.003;13.482
4123341;39.1229;-79.6812;69.703;83.369;31.022;30.186
4123345;39.4216;-79.4249;13.103;13.976;5.202;4.764
4123347;39.8598;-79.2275;26.323;33.102;9.096;9.9
4123350;42.1565;-78.7153;100.83;127.269;39.422;51.163
4123351;41.9634;-78.3861;36.243;45.305;13.63;18.252
4123352;40.6153;-79.7184;758.753;846.863;310.209;371.221
4123355;41.4376;-79.9559;83.104;84.816;27.873;39.417
4123357;40.9945;-79.3942;35.783;40.476;15.418;16.843
4123360;35.127;-83.6191;7.619;7.078;4.207;4.007
4123365;35.4615;-83.3535;19.881;19.01;10.696;9.01
4123370;36.4251;-83.3982;85.177;89.403;30.661;22.243
4123375;35.9831;-84.558;73.297;65.875;15.31;17.439
4123380;35.6093;-82.5785;70.307;67.434;47.063;45.566
4123382;35.299;-82.6237;33.145;30.295;21.36;21.57
4123385;36.1765;-82.4574;49.775;55.03;30.051;25.357
4123400;39.6451;-81.8499;339.107;395.296;167.118;131.551
4123510;39.5795;-85.158;23.972;30.231;13.888;7.675
4125010;35.9229;-94.9236;28.016;45.75;19.571;16.719
4125020;37.2456;-94.5661;21.767;52.171;26.613;17.348
4125025;37.8909;-95.4308;25.827;79.251;79.834;36.274
4125026;37.3401;-95.11;39.534;118.228;108.015;50.746
4125027;36.9287;-94.9575;57.228;170.527;142.171;68.505
4125028;36.2295;-95.1827;162.04;408.225;280.78;140.021
4125050;36.3073;-95.698;69.401;218.281;185.215;62.614
4125055;36.2784;-95.9542;9.482;31.691;20.273;7.986
4125061;35.9859;-96.9123;30.147;72.753;67.79;33.871
4125062;35.9517;-97.9145;12.975;29.021;26.405;15.769
4125063;36.5173;-98.8795;4.008;7.314;6.332;2.946
4125064;37.0111;-100.4918;0.988;1.066;0.719;0.777
4125070;37.2242;-96.9948;16.325;48.564;51.556;22.195
4125075;36.9267;-102.9591;0.016;0.166;0.634;0.17
4125080;36.8114;-97.2773;11.925;30.913;29.904;17.722
4125100;38.2;-99.3476;0.178;0.587;1.006;0.6
4125110;37.8636;-98.0148;2.846;5.528;3.942;2.075
4125200;35.1657;-94.653;78.237;92.633;26.765;29.345
4125205;34.9126;-95.1558;4.365;6.364;1.517;2.42
4125210;35.1626;-94.4072;5.797;7.033;1.617;2.683
4125500;36.1406;-96.0064;129.872;338.809;368.838;161.492
4125550;35.264;-95.2394;122.549;229.207;171.669;74.996
4125551;35.935;-100.3707;2.218;2.861;1.412;1.065
4125552;36.297;-104.4939;0.445;2.708;1.951;0.539
4125555;35.2656;-96.2061;18.723;36.088;31.414;15.135
4125560;36.8222;-100.5193;0.104;0.269;0.174;0.049
4125565;35.674;-96.0686;15.982;40.664;26.551;11.899
4125801;37.0564;-97.0592;32.277;80.51;88.605;45.549
4125802;37.9464;-97.775;7.245;16.707;18.361;8.725
4125804;34.7909;-92.359;1119.146;2055.372;1266.09;680.986
4125810;37.8322;-97.3881;4.005;13.31;15.468;6.797
4125900;34.7904;-91.446;870.644;1079.75;607.72;424.463
4125901;35.6051;-91.2887;692.867;911.926;508.343;377.21
4125902;35.7598;-91.6412;373.029;421.638;316.792;224.518
4125904;36.0731;-94.0813;16.737;29.667;6.196;7.671
4125910;36.622;-90.8476;80.207;130.821;60.801;53.804
4125911;36.9914;-91.0148;57.285;95.638;41.802;36.938
4125915;36.2053;-91.1721;49.569;78.502;21.485;28.706
4125917;36.3467;-91.1135;33.651;57.207;26.001;23.627
4125918;36.6487;-91.201;20.565;35.609;17.906;14.776
4125920;35.984;-92.7457;37.537;58.055;9.615;17.261
4125925;36.8053;-93.4616;29.285;52.744;17.926;15.583
4125930;36.4267;-93.621;16.758;31.077;6.495;6.796
4125941;36.1042;-91.0973;278.845;418.884;157.008;145.51
4125942;36.402;-90.5415;68.701;89.624;36.811;29.358
4125943;36.7595;-90.3882;47.539;64.73;31.909;24.868
4125944;37.3362;-90.7887;18.135;30.898;9.165;10.282
4125950;37.155;-91.3587;13.961;24.636;8.703;8.69
4126100;33.9196;-94.3877;146.494;148.72;62.356;60.75
4126150;32.7496;-94.4988;20.589;20.042;6.634;6.667
4126300;34.0268;-95.7502;46.098;73.195;25.347;23.908
4126301;34.2715;-95.9122;20.857;34.876;11.603;11.136
4126350;34.0532;-98.2967;3.457;7.022;9.508;5.468
4126351;33.7601;-99.1428;0.629;2.196;6.192;2.273
4126352;33.7004;-99.3887;1.425;4.386;4.436;3.005
4126701;33.5965;-92.8182;305.945;289.009;118.454;105.233
4126750;33.7009;-92.026;111.322;118.42;22.77;29.611
4126801;33.5521;-94.0413;340.013;452.044;288.748;183.126
4126802;33.8751;-95.5019;215.06;310.186;215.855;128.678
4126803;34.1101;-98.5317;16.217;39.056;45.429;20.933
4126804;33.819;-96.5633;106.903;154.096;132.456;57.068
4126805;33.7279;-97.16;44.512;96.292;98.054;49.992
4126806;33.0807;-93.8618;632.258;777.096;377.398;263.657
4126810;34.6345;-99.0967;4.637;11.409;9.704;5.229
4126815;35.0117;-99.9037;0.562;1.201;1.048;0.675
4126851;34.1793;-99.2781;0.738;2.058;4.225;2.179
4127100;38.5056;-90.5918;94.715;193.93;58.641;46.435
4127150;35.2754;-88.9767;104.688;94.878;31.189;33.39
4127200;38.3292;-89.8793;173.168;223.274;143.905;63.025
4127201;38.6117;-89.3562;97.326;97.271;62.291;17.728
4127202;38.9606;-89.089;68.453;76.206;41.509;15.079
4127400;36.2398;-89.2178;119.556;127.017;44.01;42.231
4127500;33.5576;-91.2376;;;;
4127501;37.2167;-89.464;4660.985;9679.791;8108.402;4621.76
4127502;37.9028;-89.8362;4358.066;9181.812;7849.645;4500.728
4127503;38.6289;-90.1798;4101.397;8768.656;7620.929;4363.034
4127600;33.5473;-90.5431;43.268;35.91;17.423;19.351
4127700;32.3475;-90.6967;181.131;175.744;41.689;45.654
4127701;33.1942;-89.7708;69.375;62.555;14.427;15.811
4127800;32.315;-90.9058;20092.856;26911.825;18518.27;10724.024
4127910;31.3247;-91.1094;48.785;36.312;16.048;16.011
4127920;31.2269;-91.2956;13.681;11.044;4.083;4.212
4127940;30.8891;-90.8445;35.962;27.429;13.564;12.898
4127941;30.4641;-90.9904;87.812;67.916;32.886;31.368
4127950;30.5038;-90.6773;14.428;12.392;5.961;5.539
4131030;47.2598;-68.5948;148.414;610.088;209.196;206.278
4131031;47.1123;-69.0898;64.566;310.445;95.682;104.377
4131500;45.1367;-67.3175;75.915;117.862;53.812;61.308
4131501;45.569;-67.4292;23.376;25.531;22.924;20.019
4132010;48.0121;-89.6162;4.492;25.609;14.193;7.513
4132100;46.6333;-92.0941;2.741;21.703;9.834;6.356
4132200;46.7033;-92.4188;32.816;120.34;74.129;49.043
4132300;46.4863;-90.6963;6.414;36.917;10.959;11.129
4132800;46.7208;-89.2071;19.885;71.541;20.887;25.369
4132900;46.575;-85.2696;16.916;44.367;12.514;21.527
4133100;45.7555;-87.2015;3.273;19.149;5.596;5.938
4133250;43.9539;-88.9523;24.585;52.51;36.413;25.295
4133260;44.3922;-88.7404;28.627;79.701;45.12;37.258
4133300;43.1;-87.909;10.447;28.703;14.15;7.19
4133400;45.3258;-87.6634;60.385;126.087;67.727;61.098
4133401;45.8713;-88.0701;38.57;62.568;38.611;32.923
4133450;46.0305;-86.1612;29.196;65.93;24.017;30.342
4133500;41.8292;-86.2597;122.557;149.674;84.805;72.208
4133501;41.8009;-85.7561;58.929;73.149;38.549;34.421
4133550;41.5934;-85.8486;19.004;24.335;12.027;8.192
4133651;42.3239;-85.1975;22.705;29.982;17.108;15.489
4133652;42.2648;-84.9639;11.508;14.271;9.245;8.287
4133700;43.4347;-85.6653;58.844;86.422;43.184;41.497
4133701;43.8992;-85.2553;28.751;50.823;21.57;20.67
4133750;42.9645;-85.6764;127.038;197.458;89.522;71.072
4133751;42.7506;-84.5553;31.627;47.278;20.171;15.763
4133800;44.4364;-85.6987;28.693;37.034;27.045;26.944
4134300;43.5953;-84.2355;55.066;99.314;31.242;26.478
4134350;43.6256;-84.7078;9.668;15.555;7.015;7.068
4134500;43.015;-84.1811;12.937;19.949;7.396;6.4
4134700;44.4364;-83.4339;35.97;47.232;35.181;35.029
4134800;45.1242;-83.6355;12.284;18.842;8.683;11.677
4135100;41.9606;-83.531;30.12;40.817;14.821;9.117
4135200;41.5001;-83.7127;227.123;283.819;106.699;64.443
4135201;41.1989;-84.7444;;121.703;27.831;23.612
4135205;41.2375;-84.3991;95.122;104.906;40.864;24.492
4135210;41.3078;-83.1588;55.088;59.387;24.082;13.386
4135300;42.5959;-82.9088;20.728;28.956;13.881;12.986
4135400;42.2861;-83.7333;17.151;23.298;10.624;10.085
4135500;41.7189;-81.2279;44.555;43.581;11.829;18.192
4135800;42.464;-78.935;30.394;34.747;11.116;15.986
4136301;42.5703;-78.0422;50.267;63.168;19.099;27.185
4136500;43.9856;-75.9246;144.097;212.053;78.695;111.0
4143310;44.5995;-75.3788;59.798;84.061;28.32;41.837
4143500;44.8637;-74.7788;28.437;53.871;22.231;27.04
4143550;45.0062;-74.7949;6709.669;7316.64;7530.936;7134.211
4143710;44.6817;-73.4712;25.148;47.036;23.118;22.366
4143750;44.0131;-73.1679;32.855;54.421;24.49;24.393
4143770;44.6792;-73.0726;32.932;68.411;29.532;32.529
4143790;44.96;-72.6965;24.898;54.6;19.547;24.628
4145050;48.8448;-122.5893;133.308;123.435;98.09;97.827
4145080;48.4448;-122.3354;499.768;477.782;510.526;416.774
4145081;48.5243;-121.771;441.957;422.829;481.635;381.169
4145082;48.5337;-121.4298;185.238;173.031;186.218;156.29
4145083;48.6718;-121.2462;144.106;122.326;135.669;116.389
4145085;48.4246;-121.5685;122.987;136.689;148.894;101.447
4145100;47.8067;-124.251;105.444;70.077;47.544;74.599
4145110;48.1443;-123.1291;8.419;7.192;9.015;3.894
4145120;47.4576;-123.8893;126.122;87.853;50.202;80.232
4145130;47.5379;-124.3157;216.377;130.794;47.625;131.925
4145150;47.0007;-123.4949;121.018;63.599;14.781;52.594
4145160;46.9379;-123.3138;250.402;136.252;23.964;73.895
4145161;46.7759;-123.0357;175.114;94.394;15.937;54.522
4145170;46.9334;-122.561;61.759;42.121;21.283;27.774
4145180;47.2084;-122.3271;118.041;105.221;89.682;71.927
4145190;47.8309;-122.0485;338.47;333.636;207.668;232.247
4145200;47.4859;-121.6479;38.798;42.629;28.66;32.009
4145300;48.6726;-121.0729;7.743;14.393;34.561;15.448
4145401;48.0548;-123.5832;56.239;46.169;41.364;33.5
4145700;43.586;-123.5554;405.583;266.259;61.883;80.154
4145900;42.5804;-124.0595;282.108;196.299;84.408;72.506
4145901;42.4373;-122.9873;109.006;100.911;69.794;48.665
4146100;41.7915;-124.0762;219.495;133.307;20.556;43.71
4146110;41.5143;-124.0004;754.011;730.118;198.165;139.366
4146111;41.8537;-123.2323;126.949;144.611;53.65;44.784
4146112;42.1332;-121.9622;43.433;55.186;23.285;23.584
4146115;41.0499;-123.672;246.18;226.589;60.986;31.855
4146120;41.2993;-124.0512;61.538;35.629;3.469;5.813
4146130;41.8229;-122.5956;8.56;6.208;1.837;3.612
4146140;42.5649;-121.8795;28.378;43.831;17.688;16.162
4146141;42.7401;-121.8345;2.193;5.255;0.609;0.296
4146145;42.5846;-121.8497;16.603;29.601;8.939;6.932
4146180;40.4915;-124.0998;514.835;288.53;18.885;25.77
4146200;39.7063;-123.3253;91.612;69.76;5.462;4.952
4146210;38.5085;-122.9278;152.355;72.961;6.283;8.292
4146230;39.1721;-123.6694;34.806;16.997;0.901;1.156
4146250;39.1654;-122.62;8.224;4.446;0.274;0.264
4146270;38.6355;-121.2277;122.208;127.605;99.696;55.264
4146281;38.7743;-121.5983;780.721;684.631;452.568;327.252
4146310;37.3258;-122.3866;1.63;1.08;0.097;0.077
4146320;36.268;-121.0663;0.966;0.706;0.044;0.049
4146330;37.4616;-121.7694;3.349;1.915;0.105;0.095
4146340;37.0777;-121.4944;2.24;1.544;0.026;0.026
4146350;37.5613;-121.6838;2.516;1.183;0.032;0.014
4146360;37.676;-121.2663;137.046;201.335;90.074;61.038
4146400;36.6311;-121.6724;22.266;16.113;0.586;0.298
4146410;35.0219;-120.2285;1.451;1.25;0.08;0.025
4146610;34.8397;-120.1682;3.316;3.171;0.287;0.081
4146630;34.5967;-119.9088;1.342;1.218;0.115;0.035
4146900;33.2181;-117.3603;2.511;1.792;0.173;0.139
4146920;33.237;-117.3881;4.374;1.844;0.162;0.254
4146950;33.0523;-116.9456;0.264;0.242;0.006;0.002
4147010;45.2367;-68.6486;315.333;634.126;253.798;311.761
4147030;47.2598;-68.5948;148.414;610.088;209.196;206.278
4147031;47.1123;-69.0898;64.566;310.445;95.682;104.377
4147050;45.0517;-69.8862;139.427;194.819;124.39;116.339
4147051;44.4726;-69.6853;264.148;450.72;231.508;263.541
4147060;45.1367;-67.3175;75.915;117.862;53.812;61.308
4147061;45.569;-67.4292;23.376;25.531;22.924;20.019
4147110;44.0723;-70.2081;164.222;322.745;156.899;155.387
4147111;44.4362;-71.1904;73.784;112.052;71.505;65.935
4147210;43.9909;-71.0909;22.807;53.887;21.47;26.167
4147310;43.1026;-70.9526;9.888;16.003;4.363;5.788
4147380;42.6459;-71.2984;255.103;431.294;160.722;178.415
4147381;42.9481;-71.4634;163.673;292.436;112.485;129.377
4147382;43.4229;-71.6529;81.359;141.033;67.64;80.846
4147410;41.9965;-71.5626;6.6;7.963;2.669;3.175
4147440;41.3837;-71.8331;21.618;28.196;10.623;9.297
4147450;41.7004;-72.182;28.277;35.033;12.186;13.712
4147460;41.9873;-72.6054;514.377;896.86;362.967;400.081
4147461;42.5787;-72.5745;420.042;759.081;306.081;336.976
4147462;43.6462;-72.3123;194.436;382.741;163.244;167.523
4147463;44.7498;-71.6312;42.426;78.693;37.11;38.286
4147465;44.3656;-72.0393;19.468;41.758;17.807;17.968
4147470;42.2373;-72.8957;6.289;10.111;3.505;4.787
4147475;42.1606;-72.514;33.273;45.697;19.075;18.833
4147490;41.384;-73.1676;103.226;119.62;55.061;64.503
4147491;41.65;-73.49;62.989;78.788;35.93;39.713
4147500;42.7523;-73.689;480.785;681.439;299.937;364.909
4147501;43.2695;-73.5959;170.562;224.664;122.512;129.713
4147502;43.7009;-73.9835;41.343;87.05;32.771;38.086
4147505;43.3115;-73.8673;86.446;56.493;59.341;60.777
4147510;41.6862;-74.1651;42.975;51.15;19.916;27.902
4147540;40.8903;-74.0806;3.345;4.09;2.706;2.656
4147600;40.2217;-74.7781;437.553;521.431;256.763;304.983
4147601;41.3092;-74.7953;199.633;259.192;125.418;144.738
4147605;41.9731;-75.1741;39.72;56.268;27.755;32.57
4147606;42.0031;-75.3835;25.435;40.721;22.189;22.882
4147650;40.2418;-75.6516;72.639;77.512;42.922;49.132
4147651;39.9679;-75.1885;115.481;120.986;63.345;77.028
4147700;40.2548;-76.8861;1262.088;1680.536;539.667;712.495
4147701;42.0354;-75.803;128.04;183.124;63.386;75.651
4147702;42.3215;-75.3166;41.456;112.378;27.98;10.818
4147703;39.6573;-76.175;1423.311;1819.361;622.633;833.902
4147704;41.2509;-75.8808;509.644;719.857;232.739;294.265
4147710;42.2181;-75.8482;91.577;124.707;40.685;52.367
4147715;42.0023;-76.6347;92.701;145.158;40.59;49.241
4147720;40.4784;-77.1291;157.015;211.982;63.333;89.126
4147721;40.4848;-78.0189;38.486;52.82;17.944;22.777
4147725;40.9676;-76.8764;381.824;496.4;152.895;210.127
4147726;41.3245;-77.7505;175.918;231.09;67.778;87.59
4147810;38.9972;-75.7858;6.22;6.447;3.265;2.832
4147900;38.9496;-77.1275;460.409;606.415;199.398;224.763
4147901;39.6976;-78.1779;151.797;214.272;60.439;65.355
4147902;39.5389;-78.4564;126.885;182.184;51.084;53.277
4147903;39.447;-78.6542;52.26;76.251;19.831;21.382
4147904;38.95;-77.13;444.813;590.315;180.272;207.856
4147905;39.4028;-77.3661;40.88;42.516;14.912;21.361
4147907;38.914;-78.2108;58.573;66.968;27.857;34.546
4147950;38.3085;-77.5292;64.884;71.747;29.904;36.718
4148050;37.5632;-77.5469;272.934;300.31;115.449;127.985
4148051;37.671;-78.0858;252.369;285.511;115.962;121.332
4148060;37.2252;-77.4753;46.272;46.473;14.782;23.852
4148070;36.7704;-77.1661;49.262;50.01;18.58;31.445
4148090;36.4605;-77.6345;254.634;274.235;178.669;145.371
4148091;36.9151;-78.7408;95.353;103.029;57.758;54.971
4148092;37.1046;-79.2953;56.941;62.005;37.983;33.457
4148110;35.8944;-77.5331;74.739;74.041;32.03;53.125
4148121;35.2582;-77.5855;92.363;92.724;50.512;68.575
4148122;35.6474;-78.4058;34.59;37.26;19.608;24.346
4148125;35.4291;-77.5827;27.929;25.296;13.049;20.635
4148210;35.6274;-79.1158;48.4;45.592;18.158;22.28
4148230;35.4063;-78.8131;108.407;109.141;47.712;57.035
4148231;34.8349;-78.8239;160.906;152.245;76.517;90.61
4148232;34.4043;-78.2936;183.117;174.205;86.145;107.0
4148300;34.2043;-79.5484;296.927;288.835;165.896;156.839
4148310;34.0571;-79.247;100.47;82.305;44.128;63.48
4148321;35.8567;-80.3869;93.028;94.979;65.813;56.153
4148325;35.1485;-80.1756;46.567;40.497;21.121;20.752
4148410;34.5962;-81.422;111.478;112.427;65.831;58.582
4148530;33.9932;-81.0498;264.251;246.697;146.34;135.463
4148535;34.014;-81.0879;76.158;63.769;50.61;50.416
4148540;33.8285;-80.6204;125.833;127.536;83.249;72.275
4148541;34.2446;-80.654;181.805;161.774;108.828;87.996
4148545;34.8363;-80.8795;141.143;133.812;94.451;69.797
4148546;34.9849;-80.974;121.23;108.576;78.018;59.433
4148570;33.0279;-80.3915;72.643;69.463;42.209;33.001
4148610;32.1916;-81.4159;71.383;79.471;32.212;22.324
4148650;32.5282;-81.2687;319.449;323.483;248.433;210.932
4148655;33.9742;-82.77;57.593;55.848;28.342;26.558
4148720;31.6547;-81.8279;442.955;504.266;206.753;183.858
4148750;31.2213;-81.8673;64.145;75.324;32.298;33.411
4148855;29.5086;-81.804;35.035;26.342;28.243;33.612
4148950;26.9326;-81.3148;2.756;1.39;12.617;12.172
4149110;30.6294;-89.8973;81.091;67.993;34.887;37.037
4149120;30.7932;-89.8209;452.556;415.672;122.83;125.399
4149121;31.5536;-90.0878;316.705;275.865;69.312;75.387
4149123;32.7994;-89.3356;58.179;49.151;8.432;12.241
4149300;30.9778;-88.7244;397.536;390.454;129.242;117.965
4149310;30.803;-88.1433;9.325;8.357;6.274;5.87
4149350;31.1483;-88.5644;163.489;159.322;51.005;45.714
4149355;32.3261;-88.9092;23.575;20.873;5.087;5.564
4149360;31.1028;-88.8058;213.531;200.574;68.322;60.813
4149401;31.6115;-87.553;1171.133;1151.331;455.302;453.053
4149405;33.1168;-85.5608;93.545;95.778;47.505;44.699
4149410;32.5196;-87.8783;1130.187;1037.806;314.152;315.357
4149411;33.4903;-88.4242;;;;
4149412;33.9853;-88.5517;177.416;;;
4149413;31.7585;-88.1292;1259.636;1179.813;375.554;354.909
4149415;33.7098;-86.9833;65.599;64.405;16.018;20.399
4149420;30.9652;-87.2341;208.05;223.916;110.106;101.773
4149421;30.6682;-87.2666;226.492;241.029;138.377;121.017
4149430;34.8278;-84.8508;19.751;18.484;6.5;7.215
4149441;34.2004;-85.2566;220.469;237.905;111.971;109.42
4149510;30.753;-86.6291;37.468;38.623;22.711;23.754
4149610;30.5341;-85.1652;44.454;51.509;34.131;27.697
4149630;30.701;-84.8591;681.27;744.195;415.663;335.755
4149631;30.4252;-85.0313;677.348;740.486;413.664;338.575
4149632;29.9494;-85.0155;712.391;823.996;497.126;409.39
4149670;32.8862;-85.1822;166.305;167.491;117.218;106.335
4149680;30.9116;-84.5799;231.354;278.745;144.078;112.084
4149682;32.7214;-84.2325;72.253;76.534;35.862;27.424
4149690;30.451;-85.8983;221.802;243.371;156.421;119.157
4149691;30.7757;-85.8277;186.93;178.196;122.614;81.707
4149710;30.5541;-84.3841;29.776;42.347;20.696;15.566
4149780;29.9558;-82.9276;151.877;258.642;135.865;138.377
4149781;29.7913;-82.9243;166.768;289.329;195.523;176.772
4149810;29.8488;-82.7151;29.361;34.728;32.108;33.361
4149850;28.9889;-82.3495;18.851;16.068;15.959;26.631
4149851;29.01;-82.6168;10.902;9.851;9.195;15.58
4149910;27.8722;-82.2112;6.494;4.363;10.84;11.136
4149950;27.2223;-81.8759;17.307;11.584;36.708;42.493
4150250;32.2315;-97.7773;1.824;3.445;2.471;0.898
4150280;28.0383;-97.8603;4.646;7.271;22.759;19.352
4150281;28.4275;-98.1781;5.322;8.54;23.28;22.604
4150282;28.3089;-98.5572;2.163;3.125;13.952;15.529
4150283;27.8831;-97.6253;3.206;4.818;20.786;18.37
4150300;28.9203;-97.7722;0.571;1.197;0.656;0.542
4150310;28.793;-97.013;47.75;51.453;53.796;71.565
4150311;29.8605;-98.3836;7.68;12.025;16.417;10.144
4150315;29.6663;-97.6508;11.479;11.414;12.647;14.863
4150320;29.2152;-97.4494;2.075;2.93;2.286;5.141
4150330;28.6497;-97.3847;18.493;22.093;28.104;31.414
4150331;28.9516;-98.0642;13.071;14.329;20.32;19.676
4150400;29.8811;-96.2052;5.068;4.312;1.994;3.753
4150410;28.96;-96.6864;7.877;13.919;8.218;18.294
4150450;29.3091;-96.1038;54.163;65.284;72.986;60.849
4150451;30.2447;-97.6944;18.225;43.62;69.712;24.572
4150460;30.7513;-98.6698;7.263;10.072;9.313;12.321
4150461;30.6607;-99.1092;4.961;6.608;5.411;10.486
4150462;30.5044;-99.7345;3.432;4.361;3.76;8.028
4150465;31.2132;-98.7195;2.939;3.722;3.334;4.065
4150471;31.4274;-100.7112;0.034;0.076;0.053;0.13
4150475;31.516;-99.9195;0.718;1.46;0.848;0.988
4150500;29.5825;-95.7577;211.792;246.719;153.641;150.977
4150501;31.8124;-97.2978;20.06;40.24;38.382;18.773
4150502;33.0243;-98.6439;4.776;11.751;20.517;8.873
4150503;33.5809;-99.2676;1.805;5.232;8.808;4.744
4150505;32.9346;-99.2245;1.144;2.966;5.223;1.65
4150507;33.334;-100.2382;0.412;1.256;1.925;1.212
4150509;33.0082;-100.1806;0.66;1.845;3.292;2.212
4150510;31.786;-97.5681;6.124;10.886;6.636;3.238
4150515;31.0818;-98.0167;4.675;7.808;5.567;1.968
4150585;28.7366;-99.1448;1.312;2.26;8.016;3.341
4150600;30.4252;-94.8508;286.329;317.71;148.367;143.56
4150601;30.0577;-94.8183;635.015;672.178;;
4150605;32.966;-96.9444;16.286;36.793;18.259;13.604
4150680;30.3558;-94.0932;192.54;196.368;115.076;103.652
4150681;31.025;-94.3994;106.748;89.787;32.418;37.17
4150682;31.8924;-95.4308;17.95;20.746;11.637;8.206
4150700;30.3038;-93.7438;272.529;270.518;132.836;135.812
4150800;30.5026;-92.9154;105.071;71.079;23.171;42.749
4150850;30.4808;-92.6318;37.719;21.787;10.113;15.339
4151300;32.0232;-104.0546;0.053;0.072;0.231;0.583
4151400;33.3015;-104.7205;0.078;0.082;0.177;0.208
4151410;32.7434;-104.4141;0.0;0.003;0.036;0.015
4151420;35.182;-104.9003;0.152;0.271;0.77;0.589
4151421;35.652;-105.3189;0.203;0.962;0.619;0.414
4151511;32.9884;-104.3227;2.776;4.987;6.807;5.071
4151512;34.3323;-104.1808;1.511;4.467;7.94;3.656
4151513;34.6042;-104.3878;1.287;5.643;7.942;3.526
4151514;34.7301;-104.525;3.078;4.761;8.032;4.029
4151515;31.1131;-102.4172;0.753;0.578;0.528;1.114
4151600;34.4092;-106.8531;0.046;0.251;1.602;0.875
4151610;35.0742;-107.7509;0.101;0.102;0.126;0.123
4151650;36.0739;-106.1117;5.087;23.873;19.88;9.027
4151651;36.58;-106.7239;4.784;18.273;17.03;8.22
4151802;35.8747;-106.1422;21.343;53.412;43.241;22.411
4151803;36.32;-105.7544;14.287;24.828;20.955;11.735
4151805;37.6894;-106.4612;5.044;35.127;38.319;12.483
4152050;32.7317;-114.6319;33.56;34.422;31.131;30.432
4152103;36.0153;-114.7386;322.479;491.201;429.373;295.289
4152110;36.643;-114.5397;1.326;1.022;0.913;1.131
4152120;34.2309;-113.6088;3.476;3.461;1.067;1.378
4152200;32.727;-108.6756;7.448;6.131;3.447;5.74
4152201;33.0612;-108.5373;5.117;4.566;2.637;4.82
4152202;32.7609;-114.4205;1.247;3.773;2.936;0.414
4152300;33.6195;-110.9215;21.544;28.526;8.898;8.798
4152301;38.7981;-110.4998;14.735;23.18;7.602;7.353
4152400;34.0731;-111.7163;21.547;13.015;4.748;5.598
4152450;36.8647;-111.5882;386.965;348.024;423.82;330.913
4152460;38.8105;-109.2934;91.644;229.66;259.099;120.136
4152465;35.9264;-111.5674;3.217;5.038;3.573;3.343
4152466;34.7828;-110.0443;0.418;0.184;1.345;0.785
4152467;34.9011;-110.2554;;0.995;0.963;
4152470;35.1778;-109.4548;;;;
4152500;31.3801;-110.1112;0.084;0.029;1.869;1.06
4152550;38.9861;-110.1512;75.268;208.308;205.367;79.741
4152551;40.4094;-109.2354;57.581;179.595;149.514;56.875
4152552;41.5164;-109.449;26.948;37.129;66.715;26.647
4152553;42.1927;-110.1632;12.67;41.133;84.009;19.49
4152570;41.5461;-109.6935;1.856;11.484;10.667;2.306
4152580;40.5472;-108.4243;3.451;34.561;21.175;3.244
4152590;39.9789;-109.1787;10.094;25.293;26.262;12.048
4152600;37.1469;-109.8648;25.906;57.108;59.037;34.114
4152601;37.0056;-109.034;24.881;60.705;62.062;31.215
4152602;36.7228;-108.2256;24.388;60.855;62.986;29.503
4152610;40.2155;-109.7835;7.752;10.529;18.134;7.795
4152620;38.0942;-110.4074;2.875;2.773;1.675;4.174
4152650;38.753;-108.0784;30.605;66.832;58.683;31.149
4152651;38.5292;-107.6489;24.369;30.842;37.15;21.515
4152652;38.5419;-106.9498;6.223;23.248;36.007;10.147
4152660;38.7972;-109.1951;4.319;31.528;17.533;6.153
4152700;40.5027;-108.0298;8.479;92.305;65.546;9.712
4152701;40.4516;-108.5251;11.521;121.795;80.067;13.427
4152800;36.8916;-113.9244;8.039;9.581;3.87;5.176
4152900;33.0495;-109.2959;6.395;4.989;2.94;4.732
