100
902837589728912872
517436211031360600
980028630818618331
674587221865784732
288230376151711744
280314443501982135
190401315269368263
244185549983975650
65155489524264682
780266193951167835
910774273827780818
995511065939244635
940484526865067776
890823531019345737
347325543957946825
652695860431563602
241627845828826347
45951780217214410
946661328945032252
923526782273924927
985744372097879482
909684647054812100
116559095272711935
996023556457554346
862914527648039469
824365301737890717
138070851431456886
1048576
425125082887371598
843938005029110286
953200056764090905
110825099022953059
325190249224216272
109356278726181294
701187210347354692
979069387862500197
123651140821297176
824188360758065670
559858323534680606
958485524029278794
57456425240314414
684862275790816672
789086555679311567
117058076454881724
289977061256347261
453666953111867355
650218982480060643
327441825733010289
119715084987475140
680261249227104104
860048749545727420
994980346918253737
948373851798295820
336010948844521850
3
164195901268620599
2
929043885980405279
160192245345333136
688289272423961699
986184674517266671
45081907023422172
938910441007168339
900836809734866196
849572470764566640
321552677896923919
183134554816353765
692540614544594571
794302450998035179
140618329543590644
640285532944595594
175254405717781834
939780040666195212
902620290105250069
34359738368
944901182646416269
132436189234482476
4503599627370496
957140607948169814
922390875058316594
134217728
820499270758535061
355933489260552506
884237007680334892
918878073940762249
22309544810806330
918117217184536592
991383926098431529
648351049596363612
394478592263542445
964727508436731871
861169458939850837
8796093022208
85274090751225135
994003174015937231
10
114474955254432331
994654377620486885
1
911835240146189750
