1440 1512
0 27
1 1365
1 1382
2 983
7 934
9 815
10 617
10 657
11 514
11 998
12 639
14 158
15 1346
15 1401
16 878
20 627
21 384
21 810
22 252
22 696
23 35
23 284
24 784
24 914
25 628
25 726
26 780
27 236
29 254
29 1035
30 52
30 388
32 270
33 427
33 706
34 565
36 474
36 1091
37 1165
38 183
38 868
39 159
40 356
40 1018
41 232
41 780
43 181
43 260
44 906
44 952
45 462
47 1151
49 494
49 1023
54 900
54 979
55 170
55 662
61 421
62 1427
63 379
65 1273
66 993
68 1174
69 1154
70 796
71 887
73 251
73 1373
75 788
75 1117
76 730
77 1222
78 1022
79 409
79 948
80 426
80 1330
81 691
82 637
83 277
85 456
85 1327
86 689
87 597
88 148
88 556
88 741
88 1179
89 1253
90 1268
91 233
91 921
92 826
93 116
94 318
94 1013
95 1388
96 61
96 188
97 286
98 447
98 1362
99 835
100 828
101 442
102 767
104 1103
104 1420
105 1047
105 1396
106 800
106 908
108 275
109 855
110 384
111 641
112 421
112 790
112 806
115 167
115 1147
117 59
117 1099
120 1092
122 63
123 1087
124 70
124 1163
126 222
128 1122
131 998
132 1170
133 1369
133 1424
134 1232
136 817
137 280
137 282
138 402
138 1161
140 366
140 1047
141 229
141 716
142 459
143 1361
144 164
144 332
145 1145
146 168
152 492
153 823
154 476
154 1410
155 45
155 585
156 222
156 892
157 798
157 801
158 716
160 969
161 437
162 321
162 991
163 910
164 1172
165 402
165 1322
166 861
167 658
168 659
170 1423
171 1193
172 107
172 1325
173 784
174 1017
175 199
178 528
180 305
180 632
182 783
183 1306
185 399
187 557
187 725
188 447
190 1225
191 963
191 1307
192 386
193 830
193 876
196 967
196 1327
198 717
198 1299
199 942
202 1012
202 1415
204 201
206 501
206 1135
207 612
208 243
208 815
210 1199
210 1247
211 1164
212 470
212 1153
212 1349
213 383
214 891
216 385
217 207
217 1065
217 1075
218 1106
219 1133
219 1388
220 754
223 720
225 274
225 1101
226 369
226 881
226 956
227 589
228 1434
229 131
231 1083
232 611
233 74
235 116
235 371
237 1157
238 702
238 851
239 605
240 745
241 86
242 1039
244 752
244 1108
245 574
246 595
246 660
247 711
247 1100
248 315
248 759
249 1031
249 1223
250 588
251 870
252 1323
253 316
255 90
255 558
257 200
258 242
260 926
261 84
262 169
262 724
262 1099
263 800
263 838
263 932
263 1042
264 1241
265 1068
266 1016
267 496
267 1419
268 839
269 1015
270 1292
271 576
273 1394
276 1413
277 824
278 387
281 621
281 1417
282 1019
283 1238
283 1367
284 397
285 533
287 241
288 118
288 364
289 972
290 764
291 56
292 65
292 1029
293 250
293 336
293 351
294 554
294 790
295 279
296 493
297 668
297 773
298 452
298 499
299 122
299 1390
301 56
301 109
302 177
302 730
303 638
303 840
305 578
306 108
308 550
309 1313
313 567
313 932
314 948
315 1053
316 849
319 341
320 599
321 717
322 194
323 391
324 504
325 1355
326 968
327 410
327 1334
328 618
329 895
330 443
331 518
332 206
333 4
333 353
334 1183
335 489
336 740
337 53
338 1252
339 127
339 182
340 352
340 731
342 57
342 509
343 111
344 426
345 757
346 1113
347 81
347 378
348 1256
350 62
350 1213
352 114
353 899
354 924
354 958
355 812
355 1218
356 143
357 472
358 1435
359 802
360 179
360 1312
361 584
362 295
363 695
363 1043
363 1100
364 1397
365 230
365 1062
366 782
367 566
367 1219
368 1082
369 813
370 517
370 746
371 60
371 473
371 928
372 970
373 344
373 1098
375 318
375 1077
376 19
376 1194
378 1358
379 1044
380 24
381 1006
381 1375
382 121
383 1051
387 1285
389 261
389 1142
390 46
390 265
391 215
392 400
393 368
393 986
394 311
394 1050
395 424
397 971
398 652
399 408
400 1189
401 877
403 1163
404 650
404 1244
405 83
406 1002
406 1183
407 1208
407 1296
411 324
411 867
412 1083
413 28
414 363
414 787
415 166
415 1158
416 1131
417 1339
418 726
419 1302
422 149
422 1119
423 552
424 1367
425 1197
428 1261
429 908
430 450
430 1167
431 190
432 1239
434 953
436 853
437 184
438 963
440 601
443 307
444 312
444 392
445 664
445 875
446 1071
448 1072
448 1419
449 1409
450 727
451 1027
452 2
453 644
454 1105
455 71
456 806
458 362
458 463
459 474
460 1232
461 625
461 1188
462 1040
463 902
464 1150
464 1345
466 1262
467 1011
468 485
468 1273
469 130
469 1376
470 519
471 1079
472 464
475 681
475 1351
477 93
477 588
478 337
478 834
478 971
479 12
479 632
480 1188
481 668
483 297
484 78
484 1359
486 936
486 1044
487 643
487 1155
488 115
488 1168
490 593
490 1352
491 308
491 512
492 1422
495 1079
495 1256
496 258
497 607
497 1436
498 266
498 924
499 292
500 150
500 1160
503 980
505 103
506 591
508 343
508 1254
509 441
510 770
510 1116
511 268
511 428
512 540
513 77
513 423
514 1259
515 440
515 832
517 1106
518 636
520 1425
521 186
522 254
523 1109
523 1112
524 1400
525 159
525 1167
527 792
527 947
531 119
531 441
531 1074
532 169
533 820
534 1315
535 1155
535 1264
536 1238
538 689
539 693
539 918
540 272
541 135
542 3
542 1048
543 642
543 1269
544 58
544 1308
545 17
545 887
546 647
547 859
547 1364
548 1129
549 485
550 8
552 427
553 550
555 1111
556 996
558 1337
559 1053
561 1357
561 1437
562 791
562 954
563 230
564 506
564 1257
564 1424
565 1227
566 669
567 554
568 1248
569 778
570 783
571 439
572 705
572 962
573 317
573 1377
574 460
575 1046
576 1052
577 386
578 799
580 224
580 847
581 762
582 830
586 269
587 325
589 572
590 419
591 1282
593 1255
594 75
594 957
595 1176
596 433
596 697
597 874
598 746
600 1320
601 918
602 224
602 936
603 127
604 197
604 1332
606 976
607 592
608 145
608 205
609 605
609 1398
610 841
611 1184
612 684
613 24
614 240
614 1310
616 1149
617 50
618 610
619 8
620 329
620 802
621 1295
624 304
625 559
626 1408
627 420
629 31
630 186
630 516
631 442
633 1158
634 1371
635 1173
636 980
637 738
638 812
639 482
640 794
640 888
641 125
642 1419
643 1134
644 1269
645 929
646 14
646 1168
647 128
648 180
649 820
650 534
651 966
652 28
653 67
654 895
656 256
656 864
658 529
660 1291
661 17
662 960
663 320
663 1157
664 213
667 913
667 1090
669 534
670 220
670 1270
672 855
673 409
673 896
674 1010
675 1229
676 119
676 1374
677 0
677 1181
678 581
679 1336
680 438
682 147
682 749
683 177
683 287
685 777
686 195
686 675
687 18
687 401
688 5
688 1045
689 1198
690 449
692 483
692 585
694 4
694 150
696 907
697 1298
698 582
699 403
699 857
700 777
700 787
701 234
701 740
702 300
703 1148
703 1319
704 139
704 1141
705 1392
707 174
707 922
708 178
708 749
709 1102
710 1253
711 1374
712 239
712 1165
713 693
713 1096
714 619
714 622
715 176
718 530
718 737
719 671
721 698
721 1089
722 1019
723 860
725 125
727 129
729 927
729 1260
731 557
731 657
731 1250
732 47
733 480
734 197
735 1141
736 771
738 1376
739 317
742 974
742 1345
743 793
743 814
747 278
747 892
748 521
748 912
750 66
751 722
752 39
752 848
752 1210
753 1063
753 1398
754 776
755 1415
756 46
756 723
757 1207
758 629
759 1381
760 584
760 1432
760 1433
761 671
762 236
763 1407
765 997
766 519
766 634
768 171
768 1300
769 151
769 733
771 901
772 780
773 32
774 99
774 180
775 5
775 130
776 789
779 811
779 885
780 1235
785 648
785 1228
788 296
789 446
791 215
794 861
794 1060
795 312
795 560
796 811
797 792
797 1382
799 114
801 1093
802 319
802 516
803 31
803 341
804 358
805 1179
805 1368
807 103
807 1242
810 1293
816 577
818 1375
819 1341
819 1386
821 1058
822 575
823 1193
825 153
825 1145
826 410
827 681
829 146
829 1126
831 75
831 781
832 1017
833 262
836 576
836 889
838 827
839 435
840 115
842 110
842 1187
842 1383
843 903
843 1266
844 3
844 950
845 112
845 279
846 1203
846 1406
847 457
848 476
849 87
850 1227
851 756
852 209
852 814
854 377
854 835
856 412
857 136
858 1389
859 209
860 50
863 420
863 871
864 1403
865 530
865 1203
866 653
866 1050
867 804
868 297
869 280
869 413
870 728
871 616
872 1042
872 1306
873 798
873 1283
874 1043
877 905
878 396
880 455
880 943
881 1303
882 1338
883 311
884 667
884 1121
886 655
889 502
890 457
890 1067
893 666
893 1094
893 1202
893 1298
894 751
894 1200
896 436
897 13
898 348
899 652
900 92
901 1389
902 13
903 372
904 579
907 264
909 405
911 51
911 228
912 583
913 142
914 541
916 52
916 809
917 76
917 654
919 1412
920 507
921 624
923 64
923 1081
925 824
925 1119
926 1137
927 626
929 1288
930 416
930 1032
931 291
931 587
933 113
933 631
934 1189
935 623
935 1038
936 307
936 821
937 72
937 606
938 1402
941 822
942 974
943 1223
944 60
944 285
945 489
945 1190
946 526
948 940
948 1352
949 358
949 374
950 1187
951 600
952 576
953 1240
954 744
955 216
955 976
956 592
957 331
958 217
960 538
961 528
962 237
964 126
964 179
964 1218
965 1324
966 1062
967 842
968 1106
969 760
970 503
973 42
973 1321
975 64
975 1284
977 1115
978 349
978 590
979 794
981 132
981 345
982 6
982 728
983 398
984 51
984 1128
986 765
987 1349
989 433
989 665
990 941
991 879
992 1251
992 1289
993 454
994 453
994 1307
995 770
995 1377
996 1170
1000 134
1000 274
1000 1144
1001 439
1001 833
1003 520
1003 1344
1004 1264
1005 396
1006 1289
1007 772
1007 809
1008 481
1008 939
1009 985
1011 674
1013 837
1013 1026
1014 304
1014 1258
1016 570
1017 879
1017 1408
1018 793
1019 817
1019 1347
1020 734
1020 1059
1021 678
1021 1013
1022 293
1023 152
1024 334
1025 786
1027 1433
1028 109
1029 1097
1030 537
1031 755
1032 563
1033 1265
1034 425
1035 1209
1036 720
1036 920
1037 290
1037 1265
1038 493
1040 175
1041 524
1041 987
1045 1152
1046 19
1049 571
1051 652
1052 1314
1054 564
1054 1360
1055 904
1056 306
1056 680
1057 464
1057 1436
1058 1077
1060 1116
1061 206
1061 1024
1063 16
1064 999
1064 1156
1065 685
1067 1048
1068 615
1069 181
1069 972
1070 1025
1070 1143
1071 598
1072 1422
1073 74
1073 121
1074 1049
1075 645
1076 84
1076 1148
1078 48
1078 1237
1080 351
1080 526
1082 1111
1084 537
1085 465
1086 507
1086 1224
1087 532
1088 374
1088 1342
1089 875
1090 203
1091 1291
1092 272
1094 661
1095 68
1096 910
1098 1287
1101 862
1102 1180
1104 67
1104 1419
1105 1081
1106 999
1107 750
1107 959
1109 1250
1110 719
1112 858
1113 1202
1114 221
1114 985
1115 1084
1117 176
1118 245
1118 461
1120 615
1121 1426
1122 1085
1123 135
1123 1012
1124 20
1124 173
1125 586
1125 1348
1127 1028
1128 898
1128 961
1128 1095
1129 147
1130 548
1132 599
1132 649
1133 427
1134 813
1135 735
1136 1190
1137 1322
1138 118
1138 417
1139 1143
1140 57
1140 816
1142 1066
1143 257
1143 1015
1144 841
1146 253
1147 988
1148 349
1149 915
1150 1421
1151 361
1153 195
1156 1236
1159 429
1159 744
1160 18
1162 951
1162 1399
1164 149
1164 850
1166 808
1166 1314
1169 148
1169 1161
1171 26
1172 710
1174 555
1175 1005
1176 568
1177 504
1177 1000
1178 739
1178 886
1180 72
1180 758
1181 9
1182 201
1184 672
1185 427
1185 885
1186 473
1191 37
1191 1180
1192 163
1192 1175
1194 434
1195 100
1196 503
1197 724
1199 109
1200 745
1201 1372
1201 1384
1204 120
1204 418
1205 1127
1205 1217
1206 667
1206 1266
1207 549
1208 1164
1209 7
1209 938
1209 1002
1210 732
1211 59
1211 1004
1212 69
1213 550
1214 35
1214 583
1215 715
1215 1431
1216 623
1216 690
1217 781
1219 200
1220 346
1221 314
1221 915
1222 666
1224 1340
1225 1297
1226 919
1226 1407
1228 259
1229 289
1230 395
1230 665
1231 1126
1231 1148
1233 1276
1234 1039
1235 763
1236 988
1237 569
1239 764
1240 767
1241 328
1242 1009
1243 818
1243 1237
1244 1130
1245 529
1245 909
1246 48
1246 684
1247 184
1248 964
1249 635
1249 1405
1251 679
1252 234
1254 522
1255 737
1257 107
1258 1237
1259 387
1260 1198
1261 1195
1262 579
1263 214
1263 1379
1267 185
1267 1186
1268 1059
1270 613
1271 467
1271 1196
1272 42
1272 551
1274 553
1274 1439
1275 883
1276 761
1277 736
1278 1120
1278 1173
1279 161
1279 1010
1280 218
1280 505
1281 465
1281 862
1282 1277
1284 928
1285 286
1286 756
1286 1182
1287 534
1288 192
1290 256
1290 959
1290 1103
1290 1413
1293 1026
1294 189
1294 1275
1295 300
1296 1331
1297 778
1299 113
1299 431
1299 1428
1300 1330
1301 151
1301 977
1302 275
1303 1292
1304 273
1304 1066
1304 1110
1304 1418
1305 382
1305 695
1307 102
1307 1233
1308 1097
1309 34
1309 380
1310 58
1311 1033
1312 221
1313 478
1315 1093
1316 123
1316 1146
1317 435
1317 471
1317 659
1317 1131
1318 551
1319 997
1320 359
1321 203
1322 876
1322 1136
1323 501
1324 385
1325 309
1326 231
1326 276
1328 1341
1329 965
1329 1369
1330 194
1330 432
1331 326
1332 531
1333 310
1333 939
1335 89
1335 482
1336 922
1337 357
1338 651
1340 226
1342 560
1343 494
1344 1108
1346 837
1347 466
1348 1311
1350 330
1350 1343
1351 223
1353 947
1353 1334
1354 139
1354 358
1356 940
1356 1220
1357 536
1357 905
1357 1055
1358 461
1359 227
1360 204
1361 387
1362 310
1363 129
1363 622
1364 503
1365 6
1366 655
1366 856
1368 1339
1370 101
1370 782
1371 271
1372 709
1373 946
1378 205
1380 786
1380 828
1381 338
1382 408
1382 1154
1383 323
1384 834
1385 573
1385 1429
1386 1355
1387 689
1390 243
1390 990
1390 1234
1391 82
1391 211
1392 546
1393 572
1393 691
1394 189
1395 451
1395 891
1396 1387
1397 502
1399 1005
1400 741
1401 897
1402 259
1403 888
1404 388
1404 633
1405 53
1406 706
1409 1430
1410 322
1411 292
1411 335
1412 573
1414 212
1414 628
1415 853
1415 1152
1416 808
1416 1379
1417 377
1418 882
1420 1212
1421 1034
1423 1005
1425 1283
1426 97
1427 160
1428 603
1429 1328
1430 1171
1431 1318
1432 1378
1434 1139
1435 1438
1437 95
1438 1030
1439 906
