1091 1099
0 180
1 1081
2 727
3 19
3 21
3 381
3 599
6 509
8 265
9 628
11 223
12 695
13 612
16 1036
17 678
18 65
18 1005
22 545
22 874
22 911
24 41
26 326
26 456
26 1061
28 755
30 278
30 1048
32 484
32 697
36 459
37 529
39 284
40 7
40 649
40 934
41 529
43 588
45 85
50 254
51 238
51 390
52 140
52 401
53 77
56 292
58 167
59 696
60 542
61 230
61 276
61 454
61 656
61 904
62 196
65 674
68 265
68 709
71 933
71 995
72 301
72 502
73 204
73 893
74 555
77 753
78 1034
79 232
79 406
79 877
80 455
80 464
80 604
81 676
82 529
84 572
85 247
85 292
87 414
87 654
88 178
89 346
89 794
90 45
91 80
93 319
95 549
96 104
98 593
99 96
99 614
100 355
100 687
101 56
101 318
102 775
102 932
103 180
104 233
104 1024
105 118
106 890
107 968
108 331
108 919
112 23
112 1025
113 1045
114 69
114 612
114 914
116 6
116 110
117 1026
118 699
120 1018
121 337
121 557
123 298
123 1085
124 1048
125 896
126 9
127 80
127 506
128 764
131 119
131 781
133 1070
134 186
134 473
135 663
137 671
139 320
139 1002
140 260
141 266
141 1066
142 547
144 435
145 755
145 1046
146 245
147 217
148 70
148 783
149 777
149 953
152 214
152 292
152 498
154 375
154 597
155 4
155 427
156 902
157 187
158 740
160 661
161 159
164 262
164 689
164 706
166 227
166 850
169 186
170 237
170 504
172 375
174 159
174 948
175 705
178 945
179 968
180 877
180 1060
181 35
181 325
181 1029
183 495
183 645
187 81
188 345
188 695
188 857
189 851
189 940
190 855
192 183
193 147
193 624
193 1063
194 533
195 732
196 583
198 6
198 202
200 690
201 491
201 1002
203 64
204 541
206 203
207 481
208 243
211 173
212 756
213 280
213 692
214 538
216 475
216 930
217 34
218 142
219 185
220 609
221 393
222 588
222 973
223 515
224 718
224 936
226 302
226 582
227 259
228 605
230 190
230 465
230 806
231 623
231 739
235 27
235 454
236 389
236 441
236 477
236 653
236 781
237 800
238 79
239 152
241 1035
243 726
246 931
248 421
248 748
250 274
250 568
251 1036
252 753
253 272
254 972
255 978
255 992
256 828
256 1014
257 244
257 819
258 850
261 11
261 475
263 128
263 685
265 57
265 960
267 488
268 80
269 383
269 1084
270 45
271 583
272 527
273 75
275 879
277 467
279 835
280 38
281 109
282 689
283 916
285 660
285 746
286 7
286 606
286 968
286 1006
287 70
287 516
289 590
290 1068
291 1084
291 1089
292 205
292 888
293 283
293 940
294 424
294 458
295 165
296 589
297 156
297 174
300 1075
301 774
302 996
302 1020
306 281
307 1059
308 168
310 1080
311 252
313 937
314 661
315 264
316 611
316 723
317 195
319 528
319 560
321 850
322 2
322 289
324 786
325 753
328 29
328 152
328 743
329 840
329 922
330 219
332 97
332 900
332 919
333 415
334 780
335 200
335 963
335 1000
336 599
337 634
339 110
340 646
340 986
341 185
342 98
343 125
343 372
345 407
346 383
347 166
348 448
349 486
349 695
349 846
350 337
354 303
356 40
356 642
357 768
359 535
360 23
360 379
360 770
361 803
364 445
365 245
367 220
368 797
371 947
373 231
377 977
378 761
380 348
381 719
382 191
382 726
382 937
384 674
386 659
387 473
391 454
393 165
394 816
394 957
394 1014
395 231
397 200
398 663
400 50
400 163
403 408
405 594
407 998
410 489
411 946
414 901
415 431
415 479
415 588
415 672
415 832
417 180
417 413
417 864
417 967
418 490
419 819
420 126
420 323
421 745
423 557
424 236
426 672
427 524
428 123
428 1088
429 355
429 446
430 588
431 65
431 134
432 422
432 924
433 3
436 410
438 347
440 721
440 947
441 598
442 336
442 739
443 605
445 143
446 1037
447 243
447 317
448 955
450 504
450 1034
451 354
451 1045
452 1078
453 741
455 44
456 659
456 1083
457 1040
459 189
460 250
461 491
462 1043
463 795
466 888
468 66
468 281
469 4
469 137
470 132
470 969
470 1051
472 163
473 754
474 375
476 15
477 672
478 946
480 962
482 323
484 106
485 124
485 352
490 509
490 608
492 118
493 207
493 1038
494 129
494 688
496 988
497 886
498 399
499 325
500 951
501 173
501 770
501 905
502 956
503 637
504 522
505 931
507 903
510 958
511 378
512 812
513 965
514 112
514 1061
515 491
516 651
517 152
518 408
519 736
519 789
519 985
520 2
520 118
521 959
522 64
522 615
523 32
524 961
525 397
527 1064
528 95
530 882
531 495
531 836
532 512
533 180
533 762
533 899
533 943
535 544
535 632
536 158
536 207
536 508
537 879
537 914
539 75
539 189
540 327
541 162
541 573
542 179
543 435
543 965
546 278
546 863
547 176
547 371
547 426
548 683
548 801
550 179
552 109
552 197
552 443
553 594
553 885
553 894
555 296
555 376
555 551
555 1041
556 308
557 660
558 1050
559 330
560 203
560 363
560 789
561 573
561 805
562 650
562 931
563 581
563 733
563 935
564 706
565 527
566 536
566 958
567 765
567 784
568 1037
570 629
570 870
571 680
574 344
574 1072
575 94
575 134
577 229
577 456
578 852
579 136
579 328
581 745
582 184
582 807
583 790
585 195
586 713
587 538
591 433
592 1016
593 711
596 182
598 84
598 535
600 802
601 162
601 720
602 735
603 1035
605 450
607 324
608 678
609 795
609 1001
610 140
610 996
611 304
611 425
612 14
613 184
615 938
616 7
617 66
618 190
619 992
620 369
620 580
620 697
621 341
625 616
628 737
629 538
630 111
630 994
631 374
631 441
633 97
633 556
635 957
636 257
637 534
637 603
638 1073
640 92
640 586
641 559
641 972
643 927
644 305
648 700
649 49
649 58
650 917
651 794
652 48
652 879
654 48
656 555
656 781
657 67
657 488
658 66
662 707
664 795
665 540
667 594
668 611
669 769
669 845
670 61
671 1012
671 1019
673 209
673 923
674 63
674 1055
674 1056
674 1074
675 286
675 402
676 909
678 540
678 626
678 655
679 181
680 108
680 503
682 772
683 83
684 575
686 90
687 982
690 554
691 372
692 712
693 457
694 348
694 873
695 127
697 690
698 532
699 646
700 940
701 504
702 393
703 470
704 729
704 734
706 156
708 486
708 1016
715 96
717 220
719 787
719 974
720 396
720 711
721 314
721 639
723 576
723 689
724 842
725 472
725 779
726 151
726 152
727 401
727 707
728 877
730 597
730 636
731 511
734 412
734 758
735 807
737 310
738 153
738 238
738 1068
740 273
741 476
742 3
743 76
743 141
746 526
747 1006
749 247
750 362
751 61
753 65
753 292
753 449
753 714
755 476
755 647
756 227
757 152
757 388
759 117
759 295
760 153
760 815
761 264
761 439
762 293
762 908
762 920
763 412
764 20
764 129
764 404
765 1003
766 198
766 623
766 876
767 958
768 455
768 677
769 86
769 347
770 434
771 965
772 215
772 738
773 257
773 771
774 277
776 497
777 319
778 809
780 103
780 880
780 966
782 827
784 752
785 140
785 812
786 411
787 199
788 897
790 488
791 731
791 1003
792 61
792 808
793 910
795 152
795 347
796 303
797 337
798 744
799 273
800 54
801 1026
802 165
803 760
805 312
806 225
806 852
806 887
807 138
807 564
809 192
810 326
811 253
811 558
812 22
812 55
813 105
814 1065
815 834
816 298
817 745
818 936
818 1053
821 476
821 1058
822 405
823 596
824 86
825 157
825 752
826 569
826 992
828 392
829 409
829 860
830 180
831 1063
833 236
833 366
833 719
835 672
836 650
837 194
838 520
838 980
839 712
840 801
841 293
841 584
841 644
843 171
843 674
844 175
844 342
846 820
846 1051
847 234
847 395
848 448
849 315
849 903
851 358
852 130
853 529
854 364
854 924
856 926
859 225
860 385
861 309
861 778
861 840
862 338
863 627
866 835
867 168
867 614
868 592
869 112
871 426
872 274
872 783
875 52
877 182
877 1031
878 223
882 14
882 688
883 16
884 210
884 1027
885 102
886 272
887 444
887 622
887 950
888 351
889 40
890 33
890 881
891 818
892 485
892 521
892 703
892 779
893 941
894 161
895 596
896 122
896 151
897 853
898 327
901 868
902 1014
905 224
905 693
906 956
907 65
907 1042
908 928
909 218
910 653
912 240
912 851
913 143
915 144
915 210
915 437
916 810
918 413
918 666
920 853
920 1043
920 1072
921 903
921 994
922 865
923 522
923 1076
925 876
926 66
926 989
929 382
930 1019
931 46
931 407
933 692
934 10
934 640
935 677
935 827
939 290
941 607
942 705
942 1080
944 482
944 1089
945 5
945 1047
946 320
949 115
949 217
949 685
951 182
951 927
952 840
954 121
954 316
955 792
955 1021
956 178
958 25
958 1022
959 467
960 862
960 1006
961 422
962 553
964 30
965 248
965 409
968 249
968 353
968 1059
970 127
971 42
971 111
971 661
972 288
974 860
975 627
975 712
976 403
979 527
981 887
982 913
983 483
983 586
983 710
984 801
986 758
987 40
987 804
988 824
989 526
990 753
991 152
992 47
992 785
993 990
995 303
996 177
996 242
997 134
997 750
1000 1008
1004 747
1006 299
1007 770
1008 702
1009 306
1010 444
1011 570
1013 962
1015 256
1016 681
1017 442
1018 106
1018 663
1018 665
1018 858
1021 59
1023 40
1023 573
1023 738
1024 5
1025 798
1026 39
1026 146
1027 172
1030 483
1032 1054
1033 739
1034 370
1035 150
1035 831
1036 740
1038 758
1039 497
1043 436
1044 794
1045 621
1049 493
1052 345
1054 1083
1057 31
1059 756
1062 268
1064 95
1064 487
1065 230
1067 901
1068 595
1069 573
1069 722
1069 724
1070 279
1071 519
1072 416
1072 806
1072 1057
1073 476
1073 477
1073 790
1075 408
1075 674
1077 487
1078 1065
1079 867
1081 377
1081 891
1081 1028
1081 1039
1082 224
1082 716
1086 706
1087 196
1088 405
1088 471
1088 999
1090 738
