1145 1165
0 64
0 842
1 111
2 223
2 818
3 1020
4 210
4 404
5 1135
6 519
6 561
10 532
11 226
12 898
14 722
15 90
16 373
18 1004
19 942
20 1007
21 751
21 1095
22 846
22 1139
23 744
26 650
29 150
29 516
30 382
30 510
31 514
34 192
38 699
39 354
41 348
41 606
42 1099
43 821
44 40
45 222
46 269
47 91
51 589
52 265
54 258
54 1026
55 726
58 422
58 987
59 873
60 582
61 8
61 923
62 673
63 307
63 731
65 277
65 661
66 925
66 961
68 965
69 576
70 454
71 974
72 1142
74 11
74 1087
75 696
76 188
76 391
77 563
78 1067
80 1104
82 521
83 246
83 339
84 858
86 175
86 531
88 710
89 55
89 654
90 337
91 283
93 650
93 653
94 118
94 688
95 316
95 1123
96 667
97 167
97 834
99 479
99 1144
101 96
101 824
102 545
103 423
103 917
104 496
104 839
105 184
105 859
106 150
107 48
109 812
110 963
112 421
119 748
120 10
120 832
121 295
122 848
124 593
124 685
125 18
126 557
127 499
127 1051
128 476
129 936
131 81
132 182
132 698
133 847
134 750
135 631
136 485
137 80
137 154
138 60
138 1121
140 257
140 306
142 264
142 640
143 841
144 349
145 693
146 939
147 368
149 646
151 1020
153 49
153 249
154 1001
155 929
157 516
157 959
158 208
158 765
159 299
159 1047
160 692
162 115
163 361
164 279
165 525
166 912
167 852
169 762
170 304
171 613
172 415
172 713
173 322
174 769
175 647
177 367
177 503
178 483
180 733
181 829
182 797
183 813
184 699
185 1109
186 627
187 161
188 1106
189 638
191 553
192 474
193 1099
194 265
194 408
196 79
196 772
197 633
197 913
198 333
198 556
199 759
200 1002
201 326
201 885
202 509
203 537
204 435
205 113
206 420
208 333
208 1062
210 595
211 901
212 778
214 594
215 1087
216 903
217 966
218 255
219 80
219 472
220 442
221 193
221 844
222 1092
223 17
226 735
227 19
228 213
230 498
233 298
234 1108
237 139
238 1058
241 75
242 156
242 857
243 811
245 20
245 244
247 331
248 626
248 728
249 1106
250 597
251 321
251 740
252 623
252 786
253 302
254 233
256 206
256 378
258 756
259 366
259 782
259 837
260 36
260 1126
261 24
261 535
262 119
262 706
263 305
267 146
268 637
268 724
270 663
271 427
271 835
272 81
272 573
273 668
274 56
275 136
276 530
277 25
278 148
278 508
279 897
280 384
280 1060
281 883
281 964
282 288
283 1059
284 367
284 456
285 919
286 947
287 38
287 114
288 612
291 67
291 85
292 178
293 599
294 244
294 982
295 935
296 141
296 910
297 370
299 53
300 3
301 484
302 427
303 768
304 552
308 336
309 592
310 237
311 1013
313 274
313 1000
314 429
315 557
316 438
317 395
317 443
318 309
318 642
319 1026
320 598
320 670
321 236
324 813
327 190
330 515
331 423
332 1115
334 122
334 375
335 586
336 1068
337 691
338 59
339 805
339 979
340 324
340 438
341 703
342 662
343 426
344 526
344 802
345 985
345 1025
346 737
346 1085
347 39
347 224
347 627
348 542
350 413
351 27
353 310
353 1102
354 161
355 869
356 522
356 882
357 311
357 1124
358 1000
360 872
361 36
362 200
364 683
365 733
366 437
369 1015
369 1110
370 82
371 98
371 407
372 1042
375 874
376 166
376 655
379 1081
380 475
380 591
381 1027
383 775
385 889
386 721
387 1090
388 363
389 173
390 289
393 1102
394 771
395 969
396 926
396 1116
397 315
398 168
399 397
400 855
402 999
403 1115
404 430
406 535
409 586
410 352
410 833
412 282
412 409
413 793
414 379
415 209
416 417
416 784
418 768
418 790
419 881
424 328
425 1141
426 207
430 231
431 176
433 695
435 270
436 1098
437 1046
439 489
440 541
441 139
442 490
443 721
444 763
444 887
445 32
446 327
446 991
447 203
447 211
448 359
448 836
450 706
451 62
451 950
452 195
452 976
453 73
454 497
456 1117
457 1011
457 1016
459 377
459 823
460 25
461 497
461 673
462 788
462 940
464 73
464 1072
465 128
465 870
466 107
466 1017
467 749
469 1125
470 583
471 234
471 564
473 690
473 1065
474 854
475 307
476 704
478 990
480 626
480 1078
481 207
481 946
483 87
486 165
486 1037
487 100
488 9
488 657
489 212
490 189
491 720
492 888
492 1073
493 34
493 935
494 546
495 728
496 915
498 807
499 880
500 40
502 115
502 160
504 123
504 1069
505 44
505 741
506 169
507 164
508 730
510 870
511 121
512 817
512 1071
513 912
514 882
517 407
517 485
518 185
518 500
519 51
520 585
521 674
524 849
525 143
527 401
527 779
528 998
529 285
529 988
530 247
532 218
533 98
534 862
536 491
536 1118
537 263
538 572
538 605
539 382
539 388
540 130
540 1138
542 352
543 666
543 792
544 1105
545 156
547 133
548 389
549 986
550 240
551 31
552 229
553 199
553 1131
555 739
558 170
558 455
561 468
562 417
562 449
563 204
564 306
565 1003
566 246
566 325
567 1028
568 477
568 865
569 37
569 220
569 895
570 841
570 949
571 864
574 1068
575 948
575 986
576 632
577 584
578 298
578 713
579 541
580 598
581 48
581 759
582 87
584 390
585 951
588 980
589 57
589 678
590 308
590 432
591 290
594 731
595 335
596 745
596 1140
597 549
599 921
600 332
600 482
601 503
602 131
603 162
603 509
605 877
606 1083
607 12
607 46
608 584
609 314
610 440
611 897
613 820
615 381
615 436
616 1088
617 688
618 698
618 1036
619 612
620 628
620 647
621 1135
622 807
623 797
624 544
624 1084
625 1129
626 1066
629 432
629 1064
630 227
631 118
632 828
634 463
634 823
636 548
636 898
637 69
638 700
639 341
639 458
640 918
641 50
641 761
642 785
643 831
644 429
644 696
645 853
645 914
646 358
648 359
648 999
649 180
649 300
651 77
652 171
652 231
655 405
656 920
657 819
658 232
660 179
660 1056
661 1089
662 7
664 117
665 392
665 587
667 625
668 975
669 635
669 981
670 1134
671 234
672 849
675 1050
676 108
676 351
677 9
677 938
678 896
679 894
680 323
680 874
681 515
681 555
682 88
682 520
684 343
684 360
685 92
686 92
686 141
686 1022
687 414
687 834
689 85
689 1066
690 996
693 477
694 484
694 902
695 1075
697 174
697 816
701 53
701 712
702 1044
704 289
705 856
707 732
708 378
709 811
709 1047
710 658
711 708
712 1032
714 15
714 666
715 250
715 509
716 764
717 400
717 892
718 472
719 362
720 1096
722 978
723 163
724 84
725 428
726 908
727 764
729 365
729 567
729 915
730 114
734 319
735 305
736 186
736 419
738 779
739 719
740 434
741 355
742 1085
743 904
744 265
746 770
747 216
747 718
748 672
749 116
750 700
751 949
752 134
753 767
754 810
754 1049
757 364
758 190
758 501
760 983
760 1079
761 635
763 126
765 373
766 293
767 906
769 257
771 766
772 135
774 363
774 425
775 887
776 266
776 836
777 560
780 329
780 574
781 14
781 617
783 312
786 57
787 145
787 909
788 424
789 671
790 116
791 329
792 238
792 463
793 651
794 323
794 899
795 8
795 778
796 239
796 664
798 934
799 372
799 522
800 434
801 1077
802 533
802 826
803 411
803 458
804 214
804 1140
805 64
808 16
809 422
809 654
810 711
812 439
814 42
814 630
815 350
815 625
816 28
817 215
819 851
821 109
822 453
824 922
825 391
825 1033
826 1082
827 1018
828 727
829 1077
830 269
831 468
832 123
833 743
835 893
837 325
838 312
838 495
839 743
842 28
843 1021
843 1035
844 783
845 511
846 309
847 705
848 1096
849 398
850 450
851 411
852 738
853 241
854 431
856 855
859 33
860 524
860 614
861 152
861 822
862 209
863 117
864 867
865 160
866 554
868 195
868 565
869 784
871 1046
872 938
873 275
875 236
875 374
876 1005
876 1114
877 240
878 808
878 867
879 609
880 338
881 1136
883 725
884 707
885 301
885 940
886 679
886 1131
888 33
890 276
890 827
891 401
892 616
893 303
894 935
896 909
899 147
900 406
900 755
901 619
902 866
903 611
904 151
905 191
905 1144
906 255
907 840
907 879
910 267
911 577
911 1130
913 213
914 550
916 68
916 383
917 1044
918 560
919 1123
920 818
921 554
922 330
923 985
924 745
925 243
927 982
928 702
928 840
929 908
930 43
930 70
931 202
931 253
932 229
932 403
933 501
933 978
934 56
936 24
937 389
937 588
939 394
941 32
942 264
943 239
943 752
944 7
944 50
945 892
946 235
948 1018
949 871
950 27
952 111
952 455
953 144
953 1111
954 523
954 547
955 820
955 1053
956 420
956 604
957 399
957 610
958 273
958 863
959 433
960 753
960 1128
961 845
962 254
962 806
963 467
964 181
965 90
966 374
967 1030
967 1143
968 168
968 643
969 448
970 72
970 734
971 546
971 559
972 1093
973 5
973 292
973 770
974 470
975 328
976 663
977 110
977 692
979 592
980 924
981 891
983 504
984 745
984 830
987 482
988 580
989 633
989 996
990 737
991 112
992 746
992 773
993 559
993 653
994 113
994 1061
995 49
995 756
997 35
997 102
998 614
998 1040
1001 286
1002 23
1003 526
1005 572
1006 608
1006 683
1007 659
1008 17
1008 777
1009 224
1009 342
1010 479
1010 659
1011 604
1012 571
1012 773
1013 1108
1014 602
1016 1104
1017 176
1019 703
1019 972
1021 283
1022 1105
1023 47
1023 507
1024 674
1024 723
1025 742
1025 858
1027 782
1028 951
1029 377
1029 579
1030 1045
1031 469
1031 889
1032 441
1033 149
1034 762
1034 1079
1035 534
1036 926
1037 1004
1038 228
1038 1100
1039 384
1039 556
1040 235
1040 297
1041 26
1041 1090
1042 37
1043 385
1043 405
1045 13
1048 583
1048 1097
1049 755
1050 421
1051 392
1052 232
1052 798
1054 79
1054 230
1055 1
1055 393
1056 785
1057 106
1057 494
1058 290
1059 129
1060 108
1061 225
1062 621
1063 266
1063 1014
1064 1100
1065 45
1067 927
1069 1101
1070 326
1070 895
1072 449
1073 947
1074 945
1074 1128
1076 78
1076 1095
1078 225
1080 428
1080 1071
1081 387
1082 857
1083 1075
1084 445
1086 179
1086 716
1088 800
1089 551
1091 183
1091 884
1092 1111
1093 806
1094 187
1094 593
1096 13
1097 757
1098 789
1101 217
1103 130
1103 349
1107 100
1107 622
1107 675
1109 523
1110 155
1112 386
1112 531
1113 506
1113 573
1114 322
1116 528
1117 52
1118 67
1119 71
1119 408
1120 402
1120 732
1121 656
1122 183
1122 628
1124 125
1125 801
1126 850
1127 487
1127 1015
1129 587
1130 460
1132 152
1132 513
1133 205
1133 368
1134 791
1136 941
1137 35
1137 1053
1138 148
1139 478
1141 601
1142 501
1143 691
