4200 4500
0 2622
1 2465
2 2490
5 3353
6 1930
10 1842
11 1666
12 1972
12 2332
12 3058
12 3356
13 2632
14 2708
16 454
17 1044
17 2361
17 3576
18 1215
20 4114
22 2088
23 3136
23 3602
24 4077
25 747
25 2383
26 1099
28 4109
29 714
30 534
32 1199
32 2441
33 3102
34 2179
34 3265
36 1852
37 249
37 715
38 1565
38 3449
39 1595
41 3077
41 3272
42 1358
43 3924
45 1432
46 1923
47 2502
48 1041
48 1266
49 838
51 2039
53 441
54 3264
55 575
55 1785
57 2661
58 125
58 3633
59 2965
59 3259
60 3406
63 1765
64 3513
64 3675
65 2621
65 3087
66 1032
66 2018
67 2989
67 3993
68 887
68 2049
69 2518
70 4061
71 793
73 1029
74 3024
75 138
75 2334
75 3813
77 2796
77 3185
78 1462
79 3174
80 104
80 830
81 2041
82 1565
83 2930
84 1852
85 1545
85 2357
86 1794
87 4134
88 250
88 1488
89 3910
93 1429
94 3268
95 699
95 2390
96 2829
97 3961
98 495
98 4055
99 2170
102 2315
103 1456
106 1910
107 1289
108 710
109 3412
110 2087
111 1492
112 100
113 1062
114 3084
115 2515
116 119
117 3507
118 2029
120 2407
122 2937
124 3149
126 622
127 130
128 1942
128 3377
128 3846
129 1572
131 1020
132 3681
132 3990
133 1053
133 1427
135 1603
136 2477
137 917
137 2644
137 3243
138 171
139 3315
141 2554
141 3891
143 3939
144 899
144 3874
145 1435
145 2047
146 483
146 3413
149 3828
154 3617
155 283
155 700
156 2370
158 163
159 3065
161 3229
162 1320
162 4186
164 516
165 29
165 1134
165 1784
166 1332
166 3380
167 1245
167 2088
168 2612
169 2269
170 560
171 33
172 1147
173 3497
174 2561
175 3033
176 1249
177 100
177 1877
178 405
178 2500
180 752
180 2768
181 3514
182 159
183 1729
183 2399
184 3263
186 661
186 1373
187 3688
188 1251
188 4183
189 655
190 437
190 3574
190 3596
191 1922
191 3019
192 3711
193 215
193 651
194 1216
194 2280
196 1302
196 3907
197 2690
198 2300
200 2913
201 1492
201 1691
202 2215
202 3496
204 3099
205 3946
206 398
206 2302
207 3472
208 1477
208 4090
210 3955
213 140
213 500
213 703
213 3257
214 2942
215 523
216 2483
216 3273
218 383
218 2933
219 1443
220 2936
221 285
222 416
222 2923
223 1011
224 881
224 2128
225 1407
226 455
227 2113
228 2980
229 1036
230 1381
230 2803
230 3232
230 3572
231 518
231 1352
232 1980
233 897
233 3900
235 3582
236 4162
238 244
239 788
240 275
240 1083
240 2976
241 1463
242 837
243 740
245 860
247 1831
247 2447
248 91
249 720
251 2540
251 2897
256 615
256 1866
257 815
258 2082
259 3941
261 513
262 2118
262 3034
263 3209
264 3326
264 3899
265 1294
265 3639
266 2366
267 4191
269 16
270 2928
270 3610
271 1392
271 3041
273 2753
274 2835
277 1854
279 2351
280 2183
280 3659
281 4069
282 2283
283 362
284 2036
286 3889
287 1066
288 601
288 2734
289 3733
290 2514
291 4064
292 305
292 2471
294 1602
294 2322
295 1927
296 1298
298 3249
299 49
299 4060
301 1031
302 1317
304 430
304 775
305 999
306 3777
307 2405
307 3683
309 3974
310 2861
311 2210
311 3854
313 2249
315 751
316 600
316 989
317 207
317 1994
320 2586
320 3862
321 3470
322 1881
322 2944
323 1563
323 2355
324 3003
326 2781
327 822
328 2775
329 2291
330 3777
330 3852
331 575
332 3079
333 1308
333 1453
336 1644
337 1172
338 3599
339 3947
340 2097
341 1368
343 1755
346 3081
347 3782
348 1278
349 314
349 3350
350 14
351 3800
353 239
354 2021
355 2106
356 1177
358 177
359 2148
360 179
360 1906
360 1987
361 1424
363 580
363 1921
364 1588
364 1893
364 3004
364 3723
366 8
366 881
367 385
367 2104
367 2345
367 3498
368 3374
369 1034
370 3128
372 3557
373 1152
373 2999
375 2294
377 1882
378 2158
380 2095
381 3262
384 1956
387 509
387 2193
388 115
389 574
389 4168
390 3451
390 4022
391 1309
391 2255
393 329
393 4096
394 0
395 1975
395 4165
396 3956
397 301
398 2147
400 489
400 3239
401 681
404 3307
406 580
406 1901
408 2915
408 3236
410 2001
411 4119
412 2887
413 69
413 574
413 949
413 3515
415 594
415 2123
418 1285
419 260
420 2507
421 2101
422 2249
423 978
424 1602
425 2890
428 2964
429 2780
429 2967
430 3824
431 1567
432 1988
433 856
433 2924
434 1512
434 2334
436 1264
438 2060
438 3823
442 403
442 1254
443 57
443 4058
444 583
445 514
445 4049
447 108
447 1345
448 1243
449 1660
450 3346
450 3994
451 3890
451 3966
452 1951
452 2071
453 2757
454 1105
460 3455
462 1428
462 2788
463 2085
464 1526
465 1754
467 2601
468 2666
468 3594
469 1056
470 2898
471 1023
472 1276
474 2622
475 340
475 4067
477 2381
477 3827
479 1328
480 2239
480 2907
481 836
481 1856
482 1238
484 244
484 2211
486 835
487 1428
487 2272
490 3375
490 3604
493 486
493 488
495 2205
496 1838
496 2844
497 392
498 916
498 2613
499 1007
500 2058
501 2294
501 3992
502 134
504 226
504 1823
504 3689
505 1786
505 3550
506 3570
507 3961
509 3392
510 1319
511 255
512 3429
514 725
518 379
520 1213
521 4154
524 174
525 1749
526 2636
527 3920
528 771
528 3070
529 377
530 2535
531 1599
531 2957
533 2849
534 3856
535 369
536 856
537 3162
538 182
539 3984
540 1583
542 725
543 151
544 536
544 3454
546 328
547 227
549 153
549 2125
549 3848
550 3699
551 1144
552 217
553 2285
554 211
555 599
555 928
555 3938
556 587
556 2336
557 2200
557 2616
558 2837
559 11
559 843
560 1201
561 4161
562 3951
563 2879
565 2446
566 2318
567 3025
567 3407
568 2204
569 3032
571 675
572 127
572 3061
573 1068
576 2415
577 87
578 2328
580 3296
581 913
581 2855
582 3704
583 1311
583 1848
584 2028
584 3104
586 4058
588 1865
589 3860
590 681
590 2454
592 371
593 3291
596 1685
597 698
597 1017
598 1174
598 3113
599 1280
601 2674
604 2360
606 2252
606 3914
607 1392
607 3440
608 1019
608 4119
609 895
609 2470
613 2136
614 1523
614 3060
614 3543
614 3810
615 3152
616 2604
617 1072
617 4138
619 3670
620 638
620 1063
621 3051
621 4010
622 4068
623 676
624 3577
625 1778
625 3353
628 1212
628 3339
629 1279
631 1014
631 2424
632 417
632 2579
632 2643
633 1004
633 2416
634 977
635 1119
635 1646
636 499
637 828
638 685
640 1505
641 285
642 3120
643 336
644 3140
645 1175
645 1645
646 3335
647 2842
648 1136
648 2439
649 1831
649 3541
650 2218
650 2248
652 2561
653 1196
654 1704
654 1871
655 2208
656 2353
658 979
659 2415
659 3554
660 2637
660 2953
661 675
662 714
662 2475
663 1774
664 1824
665 312
666 3271
667 2206
669 2605
669 2799
670 298
670 3357
672 467
672 1692
673 2521
673 4056
674 1474
675 3085
676 1771
677 4158
678 1395
678 2091
679 709
679 1494
680 1143
680 3914
683 3298
684 2337
686 1589
686 3753
689 1931
690 1670
690 2678
691 878
692 2292
692 2680
693 1327
694 1669
694 1946
695 1493
695 2778
696 1000
696 1872
696 4171
697 3682
698 3421
699 4123
700 737
701 2564
701 3469
702 1685
702 2167
703 4143
704 3420
705 453
705 1526
706 824
708 219
709 2685
709 3138
710 2227
711 1049
712 1868
712 3362
715 2834
717 930
718 922
718 2093
719 3862
721 2760
722 1133
722 2252
723 1141
723 2549
724 3835
726 2533
727 1304
727 2970
728 237
728 2139
730 4102
731 1252
732 2031
732 2707
734 173
734 1284
735 2887
736 2657
736 3998
737 446
737 2999
737 3656
739 1376
741 2635
741 2759
743 950
743 3418
744 2456
745 3863
746 1869
747 735
747 775
747 4032
748 74
748 3172
749 1740
749 2226
749 2584
750 3129
751 914
752 3155
753 279
753 1741
754 369
754 3064
757 3096
758 2262
758 2537
759 2104
761 61
761 2629
761 3963
762 685
762 3486
763 656
763 733
764 3035
765 1424
765 3573
766 761
767 1580
767 2985
768 2980
768 3261
770 3261
770 3954
771 4072
773 2173
773 2499
774 4098
776 626
776 3904
777 682
777 2453
778 3578
778 3987
779 1747
779 2338
780 116
781 1057
782 2896
782 3905
783 3137
783 3434
783 3814
785 2180
785 2872
787 640
789 404
790 2808
791 173
792 254
792 375
792 2081
794 4005
796 2317
798 1830
800 2652
801 1494
802 1807
803 1115
805 1447
806 1890
806 2962
807 4000
808 522
808 2910
809 2694
810 1676
810 3921
811 1013
813 1689
814 1859
814 4088
816 769
816 1210
817 1532
817 2723
818 1721
819 260
819 3595
820 1244
820 3112
823 84
823 2463
825 3819
826 237
826 3032
827 2277
828 2902
829 1309
829 3724
832 2931
833 1580
834 525
838 44
838 1366
838 1675
840 3672
840 3924
842 1849
844 884
844 3854
845 139
846 904
847 1779
847 3072
848 1581
848 3510
849 129
850 2328
851 2484
852 1806
852 2140
852 2467
852 3590
853 3153
853 3547
854 2019
854 4070
857 639
857 2961
858 489
858 708
858 2513
859 850
859 2522
859 2766
859 4107
861 1128
861 3878
862 766
863 325
863 1992
864 689
865 13
866 1520
867 2830
868 1177
868 2827
868 3692
869 3450
870 374
870 664
870 1766
871 2062
871 2584
872 3226
873 2048
873 2741
874 1575
874 1709
875 3182
876 1853
876 2387
877 1819
877 2261
878 1055
879 888
881 2066
882 1787
884 2162
885 1754
889 707
890 2041
890 2237
891 3427
893 549
893 591
896 3719
897 2238
900 3887
901 2713
902 3449
903 1229
907 1840
908 1727
908 2735
908 4026
909 4105
910 2243
910 3580
911 15
912 982
913 3181
916 677
917 3401
919 3620
919 3948
920 3806
921 189
921 1448
922 4170
923 2355
924 1757
924 2853
925 990
926 3838
927 1823
927 4043
929 104
929 2541
930 4062
931 1160
931 3075
933 312
934 834
935 1609
935 3795
936 3959
937 2217
937 3218
939 485
940 62
940 3117
941 3596
941 3964
942 2372
942 2721
944 757
944 3251
945 347
946 517
946 1127
947 1560
948 360
948 1445
951 585
951 1079
952 3086
954 2833
954 3355
955 905
955 3632
956 1932
956 3625
957 437
958 2772
959 1792
960 2458
962 2130
962 2878
963 811
963 2935
964 1648
964 3491
965 3017
967 1115
967 1790
967 2574
967 3424
968 2058
970 2401
972 624
973 3336
974 203
975 1830
976 530
977 786
978 894
979 3721
980 3818
980 3877
981 402
983 185
983 2325
984 971
984 1130
985 2832
985 3799
986 1841
986 4034
987 3066
988 327
989 1458
990 3188
991 2739
993 794
994 840
994 3504
995 3961
996 352
996 411
997 2238
1000 158
1001 2444
1002 3580
1002 3734
1003 36
1004 730
1004 3883
1006 53
1006 2161
1009 538
1009 2945
1010 2386
1011 2986
1012 2565
1013 3565
1014 600
1015 740
1015 1061
1016 3074
1016 3309
1017 1206
1018 2354
1018 4126
1021 1600
1022 3621
1024 3813
1026 3546
1026 3579
1028 1959
1030 2169
1031 531
1032 1296
1033 21
1033 3225
1034 3702
1035 1793
1035 3392
1037 1608
1037 3221
1038 3113
1038 3199
1039 142
1039 670
1041 3056
1042 3697
1044 3388
1045 1757
1047 1773
1050 1158
1051 2471
1052 248
1052 1421
1053 3000
1054 1159
1055 2582
1057 2080
1060 131
1060 1570
1060 3722
1062 2198
1062 2363
1062 2420
1063 2672
1063 3903
1064 2932
1065 2771
1066 4126
1067 932
1068 895
1069 1579
1070 827
1070 3686
1071 1636
1072 2266
1073 2112
1073 4138
1074 473
1075 348
1076 3314
1077 2431
1080 1223
1080 1578
1081 1516
1084 1227
1084 3288
1085 786
1085 2975
1086 3159
1088 1518
1089 2835
1090 3033
1094 209
1094 3499
1095 1145
1097 4192
1098 1643
1098 3280
1099 3558
1100 2973
1101 842
1101 2374
1101 2839
1102 1467
1102 3893
1103 2144
1104 533
1106 157
1108 1517
1108 2096
1109 2646
1110 81
1110 4004
1111 1611
1112 3302
1113 278
1113 1940
1114 50
1116 671
1116 1322
1117 126
1117 334
1117 744
1117 2195
1118 3420
1118 3527
1119 3432
1120 522
1121 2709
1122 4155
1123 2659
1124 3170
1125 2174
1126 3495
1126 3639
1128 1776
1128 2817
1129 738
1130 2103
1132 72
1132 2505
1133 4022
1134 2015
1135 629
1135 1149
1136 1583
1137 1217
1137 4159
1139 902
1140 1025
1140 1267
1141 1999
1142 1645
1144 2635
1146 2530
1146 2660
1147 4022
1148 1511
1149 3944
1151 2481
1153 3658
1154 4080
1155 3651
1155 3703
1156 365
1157 1152
1157 4081
1159 2768
1162 1477
1164 4128
1165 314
1166 2300
1167 2379
1168 2808
1169 1399
1169 1618
1170 2646
1172 4115
1173 275
1174 1860
1175 357
1176 939
1176 1713
1178 3327
1179 1633
1179 3311
1181 2683
1183 1851
1184 1227
1184 2298
1185 1447
1185 3091
1186 1193
1187 3536
1188 1111
1191 3180
1191 3486
1192 3518
1193 75
1194 2575
1194 2611
1195 889
1196 2184
1197 846
1198 2338
1199 2054
1200 277
1200 3832
1203 1731
1203 2347
1204 2660
1205 1608
1205 3864
1207 20
1208 1261
1209 774
1211 119
1212 4108
1214 1665
1214 2116
1215 1794
1216 3908
1217 2806
1218 1719
1220 2567
1222 1180
1222 1411
1223 2409
1223 3355
1224 1027
1224 2433
1225 2899
1226 165
1228 76
1228 3633
1229 3030
1230 1409
1230 3270
1231 1371
1231 1556
1232 1129
1232 1188
1233 2755
1234 3338
1235 376
1237 582
1238 3834
1239 1743
1239 1744
1241 456
1241 1642
1242 953
1243 1378
1243 2596
1246 602
1246 2702
1247 2965
1248 3467
1249 2898
1250 3489
1253 325
1253 870
1254 3938
1255 3342
1256 418
1256 2302
1258 119
1258 894
1259 2956
1260 2102
1260 3623
1261 2658
1261 3734
1262 3483
1263 2356
1263 3087
1265 2273
1265 3902
1266 576
1267 258
1267 338
1268 3601
1269 479
1269 789
1270 3758
1270 3838
1271 1008
1271 2560
1272 2775
1272 3107
1273 220
1273 2493
1274 896
1276 3396
1277 821
1277 1468
1278 9
1278 3231
1278 3607
1280 1051
1281 1834
1282 2650
1282 3998
1283 2641
1284 2292
1286 629
1286 3890
1287 634
1287 3031
1287 3591
1288 282
1288 2279
1289 1441
1290 431
1291 2628
1291 3152
1292 2183
1293 3334
1294 1667
1294 2185
1295 1560
1295 3855
1296 1661
1297 3320
1297 3754
1299 2791
1299 3759
1300 3671
1301 2172
1302 966
1303 3653
1303 3740
1304 3603
1305 597
1305 1615
1306 807
1309 1207
1310 2513
1311 4030
1312 2189
1314 3801
1315 532
1315 2534
1318 188
1320 1138
1321 632
1321 1426
1323 324
1324 1218
1325 1047
1325 4166
1326 1748
1326 2592
1327 3987
1328 586
1329 704
1330 630
1333 1236
1334 78
1335 2876
1336 2629
1337 1512
1337 3780
1338 581
1338 1322
1339 3171
1340 2710
1340 4029
1341 696
1341 1725
1342 287
1342 1882
1343 521
1343 603
1344 969
1344 3246
1345 3661
1346 2790
1348 1104
1349 2786
1350 1525
1351 3695
1353 3835
1353 4068
1354 420
1355 82
1356 1425
1356 2190
1356 2553
1357 2486
1357 2834
1358 358
1360 439
1360 492
1361 3545
1361 3560
1362 497
1363 4081
1364 2382
1365 2233
1367 17
1367 3523
1369 1187
1370 1614
1371 2128
1372 3317
1372 3989
1373 2773
1374 3070
1375 2494
1377 1131
1380 1773
1380 4139
1383 4110
1385 2023
1385 2793
1386 3078
1387 2262
1387 2588
1389 901
1389 3709
1390 3952
1391 1826
1391 2255
1392 3186
1393 2516
1394 99
1394 564
1396 1708
1397 1003
1397 3050
1398 1156
1398 2956
1399 2102
1400 3223
1400 4133
1401 636
1401 2425
1402 374
1402 2496
1404 568
1404 3805
1405 992
1405 3034
1406 3695
1408 2364
1408 3101
1410 2116
1410 2398
1411 2786
1412 273
1412 380
1413 149
1414 3811
1414 3981
1415 1332
1415 3242
1416 2848
1416 3175
1417 1869
1418 1874
1418 2757
1419 70
1419 3949
1419 4117
1420 1052
1421 2421
1422 598
1425 945
1426 958
1427 1226
1429 83
1430 2822
1430 4128
1431 1600
1432 2031
1433 840
1434 1349
1436 3788
1436 3960
1437 1626
1437 2499
1438 972
1438 1925
1439 4086
1440 529
1440 3043
1441 3059
1442 1024
1444 1029
1444 1844
1444 3007
1445 2344
1446 1236
1449 3020
1450 605
1451 2925
1452 4032
1454 563
1454 3091
1455 1303
1456 4009
1457 2229
1457 2889
1458 3745
1459 179
1460 407
1461 1808
1461 3344
1462 1250
1463 1160
1464 458
1465 3287
1466 392
1466 2194
1466 4152
1467 1632
1468 545
1468 804
1468 4167
1469 2923
1469 3978
1470 426
1470 2922
1471 286
1472 4186
1473 2271
1473 2309
1475 386
1476 1328
1476 3783
1477 3168
1477 4181
1478 968
1480 3733
1481 697
1481 1762
1482 1005
1483 3474
1484 4131
1485 1112
1488 1818
1489 2774
1490 3430
1491 3052
1493 4074
1495 1101
1495 3441
1496 3534
1497 3700
1498 3726
1499 13
1499 1614
1500 50
1500 284
1500 403
1500 1813
1502 2194
1502 2552
1504 1897
1504 4114
1506 2256
1507 136
1508 421
1509 687
1509 2787
1510 3729
1513 3200
1514 3125
1514 3163
1515 2029
1515 3174
1516 595
1517 644
1519 1609
1520 3082
1521 2399
1522 1355
1522 2321
1523 2013
1524 2496
1524 3162
1525 2259
1525 2319
1527 2734
1528 665
1528 943
1529 3292
1530 3470
1531 2408
1532 791
1533 3798
1535 2811
1536 3295
1536 3547
1537 2250
1538 2284
1539 341
1539 3912
1540 570
1541 1511
1541 2394
1542 2313
1542 3664
1543 1562
1544 2207
1545 1760
1546 128
1546 3583
1547 1480
1549 1779
1550 1086
1551 1821
1551 2380
1552 960
1553 1027
1554 1876
1554 2195
1555 1649
1555 3311
1556 120
1556 1346
1557 2052
1558 716
1558 1076
1559 2554
1561 152
1562 4180
1563 4177
1564 2666
1566 2088
1567 663
1568 957
1568 3442
1569 435
1569 824
1570 1138
1571 2701
1573 2918
1573 3195
1573 3986
1573 4070
1574 1022
1574 1498
1576 2740
1577 3014
1578 1538
1579 3
1581 2910
1584 1813
1585 2221
1586 1603
1587 2982
1587 3835
1589 649
1590 339
1591 906
1591 2000
1592 90
1592 2046
1593 1208
1594 172
1594 3507
1596 293
1596 3742
1597 101
1597 2547
1598 1350
1601 541
1604 2589
1605 911
1605 3531
1606 1082
1606 3255
1607 1543
1607 2349
1609 3090
1610 2315
1610 3277
1612 296
1613 1864
1615 4045
1616 249
1616 1905
1617 240
1617 3602
1619 73
1619 2497
1621 3629
1622 2142
1624 1510
1624 3997
1625 1792
1625 2338
1626 3069
1628 412
1628 688
1629 2008
1629 2508
1629 3055
1629 3466
1634 261
1634 3568
1635 2788
1636 2279
1637 276
1638 3562
1639 1091
1639 3722
1640 3302
1640 4120
1642 1167
1643 1366
1644 1242
1645 907
1645 1078
1648 147
1649 2966
1650 7
1651 197
1651 1925
1652 825
1653 1700
1654 2276
1654 2847
1655 3236
1656 4053
1657 2720
1658 440
1658 1274
1659 3316
1660 422
1660 472
1660 2126
1661 114
1661 2514
1662 2281
1664 750
1666 470
1667 3762
1669 2225
1671 2531
1672 26
1672 2990
1673 3429
1674 602
1676 2936
1676 3601
1677 1529
1678 849
1678 3909
1679 2049
1679 2098
1680 502
1681 2384
1682 845
1683 376
1684 3109
1686 252
1686 3222
1687 432
1688 405
1688 1627
1689 3144
1690 1491
1690 1941
1692 944
1694 1519
1695 892
1696 3240
1697 410
1697 4192
1698 14
1699 1178
1699 2581
1700 2217
1701 1096
1702 1123
1702 3194
1703 3472
1704 2586
1705 2267
1705 3761
1705 3867
1706 1744
1706 2744
1707 3153
1707 3213
1709 4173
1710 1846
1711 407
1711 1247
1712 3791
1713 3241
1714 378
1714 3411
1715 1406
1715 4175
1716 764
1716 2377
1717 2003
1717 3514
1719 1863
1719 3558
1721 837
1722 3605
1723 1825
1723 3155
1724 928
1726 1759
1726 4050
1729 3406
1730 4067
1731 668
1731 3417
1731 3775
1732 2429
1732 3828
1734 3341
1734 3642
1735 2323
1735 2487
1737 3842
1738 3482
1739 3916
1740 461
1741 1929
1744 671
1745 4104
1746 2406
1746 3111
1747 2704
1748 3094
1750 1947
1751 4019
1752 2913
1753 577
1756 612
1756 2390
1757 1043
1757 1575
1758 1368
1759 2831
1761 3394
1762 2501
1764 931
1765 272
1765 2461
1766 1822
1767 350
1767 4099
1769 687
1770 3071
1772 246
1773 212
1774 1852
1775 653
1777 3264
1778 915
1778 974
1778 3298
1781 3933
1782 3802
1783 1092
1786 148
1786 1252
1786 3865
1788 2005
1790 3746
1793 2421
1795 3364
1796 143
1796 683
1797 402
1797 3767
1798 693
1798 3504
1799 583
1799 2093
1800 3469
1801 3684
1802 2755
1804 177
1805 2528
1805 2842
1806 1442
1809 303
1809 2596
1810 2608
1812 835
1812 3928
1816 1527
1816 2793
1817 3224
1820 508
1820 1753
1827 365
1827 2839
1828 102
1829 72
1832 1664
1832 2225
1833 39
1833 1301
1833 1687
1834 1791
1835 2228
1836 1251
1837 1213
1837 4120
1838 2882
1839 3647
1840 1151
1842 3384
1845 169
1845 2948
1845 2952
1847 3458
1847 3841
1848 1965
1850 1553
1850 3273
1852 3526
1853 3252
1855 2676
1858 2794
1858 3341
1859 2125
1860 3423
1861 2521
1861 2941
1862 478
1863 3452
1864 4176
1865 2079
1865 3279
1867 1705
1868 4153
1870 2238
1871 3145
1872 2935
1873 944
1873 3528
1874 3284
1875 2318
1877 1854
1878 2482
1879 3049
1879 4172
1880 1240
1880 3286
1883 1045
1883 2250
1885 4066
1886 2274
1887 27
1887 3931
1888 1201
1888 2711
1889 343
1891 3700
1892 611
1892 1764
1893 950
1894 1841
1894 1851
1895 2529
1895 2610
1896 906
1896 3527
1897 1890
1898 2572
1899 812
1899 2994
1900 3820
1901 1633
1903 729
1903 3584
1904 1244
1905 3038
1906 71
1907 882
1908 1849
1908 3023
1909 642
1909 2579
1910 2329
1910 2356
1910 2862
1913 1388
1913 3783
1914 3333
1914 3763
1915 2580
1915 2730
1916 1704
1918 2071
1919 1012
1919 2332
1920 2508
1921 306
1924 1082
1925 93
1925 321
1926 3148
1928 318
1928 1675
1930 1237
1930 1696
1931 2668
1933 40
1933 769
1934 1818
1934 2461
1935 1668
1936 1708
1936 3792
1937 2617
1939 857
1940 1030
1941 181
1943 1351
1943 3185
1944 2224
1944 3739
1945 2480
1947 3863
1948 121
1948 370
1949 3920
1949 4139
1951 3325
1952 506
1952 1566
1953 3
1953 250
1955 1875
1956 3036
1957 2712
1958 1235
1961 3169
1962 1998
1963 1264
1963 3793
1964 1880
1964 2073
1965 1736
1967 109
1967 2881
1968 2931
1969 491
1969 657
1970 268
1971 707
1971 1181
1973 1131
1974 1556
1975 2180
1976 3717
1976 4153
1977 1382
1977 3041
1978 1904
1978 3421
1979 562
1979 1957
1980 3463
1981 130
1981 1843
1983 3686
1983 3870
1984 1092
1984 1163
1985 886
1986 427
1986 3070
1987 3109
1988 3769
1989 1324
1989 3794
1991 579
1991 2288
1992 2859
1993 684
1993 2110
1995 3741
1996 1484
1997 2683
1997 3445
1998 2706
2000 772
2001 3243
2002 3493
2002 3894
2004 2632
2005 3831
2007 135
2007 1930
2008 1464
2009 3991
2010 4111
2012 709
2012 1407
2013 2245
2014 1443
2014 2178
2015 813
2016 1485
2016 3870
2017 2240
2017 2392
2018 2621
2019 1811
2020 161
2020 1896
2021 1359
2022 10
2023 2747
2024 22
2024 1093
2025 385
2025 3197
2026 1128
2027 107
2027 644
2029 1189
2029 1202
2030 2122
2030 2959
2032 1293
2032 3673
2033 2763
2034 1243
2035 3614
2036 3453
2037 637
2037 1393
2038 1075
2040 2546
2040 2643
2042 1506
2042 2258
2043 787
2044 587
2045 3979
2047 1114
2048 1537
2048 2900
2048 3923
2050 626
2050 1487
2051 1312
2051 3835
2052 742
2052 4023
2052 4113
2053 2787
2053 3184
2055 627
2055 1374
2056 3451
2061 2278
2061 3988
2062 1190
2063 2288
2063 3057
2065 644
2065 2689
2066 3985
2067 1631
2067 3068
2068 790
2068 2979
2069 417
2070 90
2070 3631
2072 3944
2074 1448
2075 2498
2075 3256
2076 1932
2078 1486
2080 527
2081 643
2082 4089
2083 2434
2083 2692
2084 63
2084 427
2085 1375
2086 3534
2087 3550
2089 3128
2091 3873
2092 2309
2094 511
2094 1845
2095 2112
2096 456
2097 3431
2098 210
2099 2723
2099 3676
2100 1710
2101 466
2103 2078
2105 2982
2107 2230
2108 2400
2109 541
2110 4
2110 269
2110 4066
2113 3290
2114 2424
2115 331
2115 424
2118 1078
2119 335
2119 1797
2121 3428
2122 578
2123 1127
2124 2054
2126 3039
2127 2136
2127 2200
2131 2200
2131 3622
2132 2487
2133 1202
2135 1060
2137 1704
2137 3650
2138 952
2138 2619
2139 1112
2140 2892
2141 742
2141 3702
2142 3096
2143 2642
2143 3949
2144 3882
2145 1088
2145 1267
2146 3750
2147 552
2148 1618
2149 4076
2150 3937
2151 289
2151 3866
2152 2576
2153 1862
2153 2408
2154 1154
2154 1770
2154 4182
2155 2241
2155 2543
2155 3427
2155 4001
2156 42
2156 2582
2158 1471
2159 1682
2160 603
2160 3153
2161 1444
2162 3063
2163 588
2163 4044
2164 504
2165 218
2165 3744
2166 3764
2167 1048
2168 822
2168 1974
2169 3329
2170 1760
2171 987
2172 2381
2174 1742
2175 2319
2175 3400
2177 460
2177 3825
2178 223
2181 3537
2182 280
2182 4140
2184 2262
2185 2303
2186 3934
2187 3832
2190 4127
2191 3255
2191 3845
2192 1627
2196 1680
2198 3530
2199 242
2199 604
2199 2691
2200 419
2201 382
2201 657
2202 1300
2203 1665
2204 605
2204 1182
2204 3844
2206 2245
2207 15
2208 2360
2210 4164
2211 1395
2212 1768
2213 1780
2213 2735
2214 611
2214 3025
2216 2869
2218 2323
2218 2625
2220 2192
2220 3631
2221 2602
2222 2940
2222 3228
2223 236
2223 461
2225 439
2225 1564
2226 3927
2227 19
2228 3104
2229 4171
2230 1503
2232 2366
2232 2852
2234 523
2235 784
2235 3752
2236 2045
2236 3850
2237 711
2237 2090
2238 3189
2239 3716
2240 1354
2241 1960
2242 3444
2242 3728
2243 2763
2244 303
2244 585
2246 2840
2246 3165
2247 3032
2248 755
2251 1100
2253 3045
2254 89
2259 3260
2260 3517
2261 1303
2262 716
2263 573
2263 920
2264 160
2264 2117
2265 815
2266 3393
2267 198
2268 372
2268 2006
2268 2109
2268 4100
2270 3598
2271 3192
2272 2704
2273 1857
2274 2059
2275 1534
2275 3059
2276 2070
2277 1982
2278 2307
2283 4075
2284 3589
2285 1810
2287 2747
2287 3965
2289 3609
2290 565
2290 2439
2293 1684
2293 3397
2295 27
2295 130
2296 19
2297 2455
2297 2473
2297 3521
2297 3935
2298 3613
2299 2992
2299 3405
2301 1318
2305 2468
2306 2181
2307 4175
2308 2703
2308 2906
2310 3081
2310 4160
2311 2176
2311 3475
2312 926
2313 1646
2314 1865
2315 47
2315 359
2316 309
2316 3011
2318 1662
2318 3320
2322 2947
2324 1789
2324 2995
2325 448
2326 2464
2327 1653
2327 3490
2329 2671
2330 2695
2331 616
2331 666
2333 1230
2333 2962
2335 2203
2335 4084
2338 883
2340 629
2340 2265
2341 134
2341 550
2343 1306
2343 3971
2344 3080
2345 3627
2346 3297
2347 2870
2348 2336
2348 3318
2349 3173
2350 1501
2350 4041
2351 291
2352 1171
2353 2973
2354 361
2357 519
2359 2
2359 1210
2359 3512
2362 2578
2364 2072
2365 3434
2366 3465
2367 1433
2367 3696
2368 3747
2368 4047
2369 3435
2370 839
2370 2009
2372 268
2373 91
2374 1917
2375 147
2375 875
2376 3343
2377 2877
2378 1219
2378 3063
2378 3237
2379 4182
2382 904
2383 2365
2385 1534
2386 3179
2387 988
2388 2188
2389 503
2389 818
2389 2134
2389 3531
2390 2060
2390 2132
2391 1242
2392 1743
2393 14
2393 4037
2394 3131
2395 2881
2395 4063
2397 1844
2398 1972
2400 1334
2401 592
2402 3037
2402 3235
2403 310
2403 3347
2404 936
2404 2120
2405 1749
2406 3389
2408 3281
2409 1487
2410 532
2410 1647
2411 2133
2412 1336
2413 3184
2415 2215
2416 1048
2417 2219
2418 3784
2418 4039
2419 2698
2420 2074
2422 570
2423 3537
2425 55
2426 3313
2426 3526
2427 1403
2427 1742
2429 1584
2430 4135
2432 581
2432 1153
2433 2716
2435 2366
2436 382
2436 3707
2438 809
2438 4017
2439 1745
2439 2845
2440 1220
2440 1926
2442 1054
2442 1192
2443 2384
2444 2149
2445 3804
2448 24
2448 1019
2449 1880
2449 2463
2450 4142
2451 1693
2452 2777
2453 610
2453 2667
2453 3235
2456 903
2457 1885
2457 2785
2459 3359
2460 3448
2462 552
2462 3667
2465 1479
2466 2765
2466 3692
2467 3637
2468 1547
2469 3433
2469 3823
2470 4122
2472 1096
2472 4072
2474 2863
2474 3728
2474 3887
2476 3138
2477 2709
2478 3694
2479 524
2479 760
2479 1479
2480 3636
2481 2693
2482 821
2485 3868
2485 4129
2486 3834
2488 2057
2491 799
2492 44
2492 759
2493 3334
2495 2717
2495 3854
2497 3392
2501 1730
2501 2451
2502 1791
2503 2555
2504 2385
2504 2630
2505 934
2505 1604
2505 2764
2506 199
2509 2822
2509 3399
2510 1833
2510 2796
2511 1824
2512 106
2515 3009
2516 4125
2517 381
2517 1733
2519 119
2519 1319
2520 2282
2520 2437
2523 923
2523 3477
2524 1540
2524 3559
2525 1091
2525 4097
2526 2064
2526 2816
2527 4110
2528 3724
2529 2108
2531 1507
2531 1855
2531 4196
2532 3110
2533 2447
2534 3785
2536 1018
2536 1780
2537 2258
2538 2428
2538 3548
2539 3853
2540 3843
2541 2189
2542 3818
2543 225
2544 351
2544 1982
2545 221
2546 1472
2547 610
2548 2458
2548 4125
2549 2414
2550 140
2550 905
2551 805
2552 841
2553 3748
2555 2672
2556 1513
2556 1866
2557 561
2557 682
2558 539
2558 2211
2559 2314
2559 4039
2562 738
2562 1052
2563 3214
2564 925
2565 872
2566 112
2567 646
2568 2171
2568 3287
2569 2120
2569 3284
2570 4026
2571 546
2571 3539
2572 441
2573 589
2573 2428
2574 1582
2575 3237
2576 31
2576 4158
2577 3293
2577 3928
2580 545
2581 1601
2582 2885
2583 1049
2583 1590
2585 2320
2587 2670
2590 1663
2590 3306
2591 2603
2592 2111
2594 1939
2594 3422
2595 1826
2595 2811
2597 2320
2597 2699
2598 2857
2599 1095
2599 2535
2600 713
2602 440
2603 1171
2604 1233
2606 1314
2607 1501
2608 3776
2609 1960
2609 3895
2610 1356
2611 1328
2612 4069
2613 185
2614 1803
2614 3410
2615 297
2615 3221
2616 1703
2617 3645
2618 2490
2619 1331
2620 2417
2623 623
2623 2086
2624 124
2624 4006
2625 1056
2626 2179
2627 3560
2627 4122
2628 1161
2630 396
2631 2848
2633 1775
2633 1927
2634 1482
2638 670
2639 2281
2639 3566
2640 3139
2641 1434
2642 2817
2644 619
2645 579
2645 2815
2647 630
2648 2193
2648 3437
2649 2287
2649 2714
2650 62
2651 1870
2651 2789
2652 3725
2653 111
2654 2176
2655 843
2655 2212
2656 3615
2656 3978
2659 733
2661 3535
2663 862
2664 1784
2664 2636
2665 3006
2665 4102
2667 2939
2668 51
2669 276
2669 3354
2673 1195
2674 841
2674 1571
2675 1458
2675 3875
2676 3315
2677 2893
2678 726
2679 238
2679 2088
2680 564
2680 3769
2681 476
2682 3958
2682 4140
2685 332
2686 86
2686 797
2687 346
2687 2939
2689 4130
2690 1211
2691 494
2693 1985
2693 3432
2694 205
2695 3274
2696 2166
2697 3661
2698 1755
2699 1419
2700 3344
2700 3494
2702 168
2703 1750
2705 943
2706 3141
2707 1090
2707 1221
2708 3705
2710 2693
2711 368
2712 2822
2713 4179
2714 1712
2715 2618
2717 3957
2718 1465
2718 2808
2719 2507
2720 512
2720 2219
2720 2856
2721 3712
2722 3056
2724 1825
2725 556
2725 3801
2726 137
2726 4046
2727 2090
2728 241
2728 1439
2729 1245
2730 2264
2731 1223
2731 3423
2732 933
2733 745
2733 4042
2736 1074
2736 2989
2737 1281
2737 2587
2738 3386
2738 3715
2743 4018
2744 463
2745 1455
2745 2963
2746 2511
2746 3510
2748 386
2748 2057
2749 2920
2750 966
2750 2877
2750 3349
2752 2254
2752 2591
2753 2761
2754 1412
2754 2607
2756 1946
2756 2600
2758 3694
2758 3950
2759 2740
2761 354
2762 1518
2762 3884
2765 4054
2766 1379
2767 1884
2767 3285
2768 1382
2770 1107
2771 18
2772 4097
2773 436
2776 1727
2776 2077
2778 3493
2779 618
2780 1323
2781 1435
2782 3073
2782 3391
2784 1364
2790 2478
2791 335
2792 3247
2792 4149
2794 540
2795 2681
2795 3329
2797 3300
2798 3922
2801 1087
2801 3556
2802 2224
2802 2234
2803 1
2804 1071
2804 2647
2807 4
2807 2033
2810 1788
2810 2696
2812 1815
2812 2117
2813 3022
2813 3847
2814 3086
2815 2114
2816 1549
2818 4101
2819 1008
2819 1313
2820 4060
2821 1559
2821 3945
2822 278
2823 488
2823 1458
2824 1641
2824 2544
2825 2289
2825 2818
2826 2503
2826 3626
2827 246
2828 2518
2829 3592
2830 2783
2831 232
2831 2806
2831 3343
2832 3845
2833 1785
2835 2769
2835 3402
2836 2638
2836 3275
2837 1087
2838 435
2838 465
2840 3163
2841 1275
2841 3309
2842 799
2843 195
2845 593
2846 2371
2847 160
2849 749
2850 1609
2850 1655
2851 706
2851 2452
2851 2454
2851 4013
2852 3779
2853 43
2854 2750
2854 3446
2856 1659
2857 3176
2858 118
2858 3399
2859 1668
2860 1973
2860 2626
2861 2527
2861 3252
2862 357
2863 1938
2864 266
2864 991
2865 3830
2866 234
2867 1093
2867 1490
2868 756
2870 3611
2871 3802
2872 2634
2873 2124
2873 2701
2874 129
2874 1652
2875 1279
2875 1938
2878 192
2879 760
2880 1650
2880 1761
2882 2391
2883 308
2883 2506
2884 97
2884 3484
2885 1046
2888 2907
2888 2934
2889 3324
2890 1453
2891 334
2891 3768
2892 2022
2893 3051
2894 535
2894 2588
2895 959
2895 1100
2896 2003
2896 2739
2896 3731
2897 1234
2898 1886
2898 2413
2899 4041
2901 1215
2901 1674
2902 2620
2903 3008
2903 3539
2904 1768
2904 2028
2905 507
2905 3851
2907 551
2907 2960
2908 3857
2908 4193
2909 4178
2911 1221
2912 872
2914 831
2914 1506
2915 315
2916 2286
2916 3790
2917 2337
2919 804
2919 1638
2920 3349
2921 4075
2922 3357
2923 652
2923 1505
2924 300
2925 3153
2926 796
2926 1582
2927 300
2927 2330
2927 2715
2930 2270
2932 4124
2933 793
2934 1150
2938 1122
2940 4086
2941 2363
2942 3214
2943 1781
2943 2593
2945 3028
2946 3932
2947 1422
2948 2064
2950 3314
2951 243
2951 2035
2952 2010
2953 214
2953 401
2953 3182
2954 1121
2955 148
2955 3737
2958 4073
2959 1815
2960 3367
2961 3638
2963 1911
2966 998
2967 3389
2968 371
2968 2909
2969 1843
2969 4117
2970 1392
2971 1143
2971 3157
2972 649
2972 691
2974 113
2975 1423
2976 3937
2977 444
2978 2692
2979 571
2981 1550
2984 280
2985 1180
2986 1040
2987 1248
2987 2800
2988 3411
2989 267
2989 3891
2990 2578
2991 35
2991 105
2992 3529
2995 995
2996 851
2996 4165
2997 3112
2997 3674
2998 2359
2998 2484
3000 355
3000 1190
3000 1417
3001 21
3001 1294
3002 1261
3003 3880
3003 4024
3004 3856
3005 3931
3005 4092
3006 3020
3008 2805
3009 2476
3010 295
3010 3270
3011 3756
3012 891
3013 869
3014 2237
3015 2958
3016 688
3016 1362
3017 1776
3019 476
3019 2107
3020 1497
3020 2716
3021 1763
3021 2130
3022 1719
3025 281
3025 1856
3026 993
3027 3363
3027 4096
3029 1023
3029 3126
3030 485
3031 1283
3032 4077
3035 121
3035 425
3035 1907
3037 2231
3038 254
3039 795
3042 190
3044 855
3045 8
3046 5
3046 580
3047 2038
3047 3301
3048 1814
3048 3880
3049 526
3050 973
3053 345
3054 836
3054 3517
3055 3190
3056 1771
3056 3594
3057 835
3058 175
3059 466
3059 3018
3060 2828
3061 209
3062 2209
3062 2657
3064 2944
3065 988
3066 932
3067 517
3068 2680
3069 2595
3070 1548
3071 356
3072 1800
3073 176
3076 184
3076 1285
3077 4041
3078 1460
3078 2719
3078 3023
3080 1962
3082 3660
3083 1576
3084 2339
3085 2396
3088 3099
3089 1155
3089 1777
3090 2434
3092 591
3092 3662
3093 1623
3093 2929
3094 585
3095 888
3095 3002
3097 1508
3097 3216
3098 857
3099 3157
3099 3208
3100 1331
3100 2488
3101 2044
3102 1087
3103 397
3105 426
3105 4121
3106 2993
3108 2906
3110 3717
3111 4125
3114 3562
3115 3478
3116 379
3116 1804
3117 1620
3117 2076
3117 2483
3118 2371
3119 1695
3119 3042
3120 2808
3121 802
3121 1339
3122 3161
3123 1671
3123 2974
3124 4121
3126 668
3127 2408
3130 293
3130 2073
3131 3561
3132 1663
3132 2606
3133 1409
3133 2491
3134 1544
3134 3447
3135 988
3135 3502
3136 2199
3137 1621
3139 3715
3140 833
3141 1588
3142 595
3142 1676
3143 1728
3143 3408
3144 1733
3144 4145
3145 3892
3146 3762
3147 969
3148 1189
3149 1310
3150 3154
3151 388
3152 30
3152 2964
3154 3984
3156 3362
3156 3617
3158 342
3159 2542
3160 724
3160 3124
3161 1881
3162 1348
3162 2422
3164 76
3164 2321
3165 1631
3166 2077
3166 2089
3167 217
3167 554
3169 746
3170 1924
3171 229
3172 1071
3173 1922
3176 1466
3177 3044
3178 255
3178 3188
3179 2304
3180 3122
3181 3220
3183 6
3183 2376
3186 2760
3187 569
3187 3699
3188 641
3188 1945
3189 4019
3190 3906
3191 3464
3193 1836
3194 598
3196 2256
3196 3522
3197 1572
3198 975
3198 1020
3199 1198
3200 4166
3201 469
3201 1970
3202 1050
3202 1916
3203 3281
3203 3926
3204 1632
3204 3400
3205 3232
3206 547
3206 2684
3207 1693
3207 3598
3208 409
3209 94
3210 3445
3210 3847
3211 2489
3211 2949
3212 2178
3215 457
3215 2994
3216 2663
3217 675
3218 1902
3219 2869
3221 1166
3222 3725
3223 1620
3225 1896
3226 1637
3227 1330
3227 2601
3227 3718
3228 3584
3230 899
3230 2178
3231 1829
3233 3576
3233 3727
3234 2843
3238 783
3238 2441
3239 344
3241 515
3242 257
3242 3766
3244 3299
3245 2563
3245 2774
3245 4149
3246 2415
3247 1446
3248 2397
3250 1728
3251 1533
3253 2769
3253 3666
3254 2658
3254 2705
3256 2233
3258 555
3258 2566
3259 4127
3260 543
3262 1961
3263 3668
3263 3782
3265 3975
3266 832
3266 3913
3267 865
3267 2346
3268 3043
3268 3911
3269 1598
3269 3586
3271 1215
3274 2450
3276 1577
3276 2135
3278 326
3278 3212
3279 2430
3280 3115
3282 330
3282 2380
3283 79
3283 3019
3285 3003
3286 1996
3288 1390
3289 2866
3290 1758
3290 3747
3291 3908
3292 3319
3293 4103
3294 1010
3294 4042
3295 585
3296 3575
3297 1287
3299 122
3301 1165
3301 2352
3303 1018
3303 3900
3304 3403
3305 3242
3306 1043
3307 1635
3307 1803
3307 1902
3308 2006
3310 1530
3310 3979
3312 129
3312 1431
3313 953
3317 3108
3318 3672
3319 28
3321 1593
3321 3903
3322 2474
3322 2805
3323 2983
3323 3827
3324 719
3325 3763
3326 13
3327 3878
3328 618
3328 3127
3330 2287
3330 3628
3331 2984
3332 4023
3333 4053
3335 2957
3336 1150
3337 1065
3337 3584
3338 1112
3339 1525
3340 1725
3342 2106
3345 1802
3345 3494
3346 117
3347 3950
3348 938
3348 3912
3350 2120
3351 1025
3351 3409
3352 3497
3352 3545
3354 150
3356 1036
3358 3205
3358 3436
3359 1309
3360 1506
3360 3191
3361 54
3361 982
3363 1349
3364 1483
3365 1694
3365 1968
3366 2362
3367 3871
3368 931
3368 3524
3370 252
3370 3372
3371 1677
3372 1071
3373 3098
3374 1069
3375 2741
3376 1186
3376 2197
3377 918
3378 1089
3378 2727
3379 658
3379 739
3380 556
3381 152
3381 3901
3382 52
3382 414
3383 1801
3384 483
3385 1377
3385 2916
3386 1489
3387 1807
3388 1822
3390 880
3390 2211
3391 1835
3392 4118
3393 2479
3394 1262
3395 1657
3395 3249
3396 3488
3397 3147
3398 508
3398 2209
3398 3577
3401 887
3402 3052
3403 40
3404 1691
3404 3999
3405 864
3405 2799
3405 3024
3407 729
3410 2251
3412 1819
3413 1087
3414 1413
3414 4006
3415 1698
3415 3373
3416 1379
3416 1923
3417 1164
3418 1773
3419 153
3419 1846
3422 457
3424 1814
3425 2188
3425 3882
3426 613
3426 898
3428 2977
3433 319
3435 999
3436 1412
3437 342
3438 253
3438 459
3438 998
3438 2305
3439 2670
3439 2931
3440 1966
3441 2784
3442 597
3443 1918
3443 2789
3444 1561
3445 947
3445 2464
3446 2129
3447 1083
3448 4163
3449 1105
3449 1478
3450 3736
3452 2280
3453 1352
3454 3820
3455 3219
3456 881
3456 3083
3457 337
3457 1161
3458 900
3459 2059
3459 2861
3460 3681
3461 31
3461 1106
3462 446
3463 3007
3464 3660
3465 3821
3466 4048
3467 1081
3467 2196
3467 2530
3468 1204
3468 2688
3469 123
3469 1365
3471 4057
3473 1451
3473 2954
3474 1955
3475 2286
3476 2459
3477 831
3478 3079
3479 494
3481 1058
3481 2983
3482 1308
3483 3257
3484 3703
3485 2912
3486 2431
3486 2732
3487 3018
3488 2111
3489 211
3489 353
3489 2797
3490 1219
3491 2640
3492 308
3492 3480
3493 157
3493 2216
3494 35
3494 2871
3495 55
3496 713
3498 812
3500 204
3500 596
3501 1363
3501 1994
3502 1769
3503 3012
3505 1120
3506 1097
3506 1611
3508 399
3508 3158
3509 552
3509 1782
3511 548
3511 1021
3512 3040
3513 2100
3515 1313
3516 1275
3516 2358
3518 2342
3519 3408
3519 3969
3520 3476
3521 2605
3522 4184
3523 2751
3524 612
3525 2129
3525 2498
3528 2921
3529 1170
3532 1063
3532 1630
3533 3732
3535 4164
3536 3896
3538 203
3538 253
3539 1403
3540 1959
3541 52
3542 290
3542 1942
3543 2868
3544 3234
3544 4192
3546 249
3548 3195
3549 885
3549 3227
3551 1316
3551 4156
3552 344
3552 1521
3552 3586
3552 4021
3553 1349
3553 2412
3555 1817
3555 3649
3556 1683
3557 731
3559 1255
3560 519
3560 2539
3563 142
3564 3822
3565 2751
3566 1155
3567 1384
3567 3391
3569 2361
3569 3505
3570 46
3571 537
3571 2157
3572 2312
3573 2202
3574 3645
3575 3151
3578 2900
3581 362
3581 1789
3582 1182
3583 2512
3584 2743
3585 1595
3587 2205
3587 3332
3588 1259
3589 2928
3590 492
3591 2186
3592 3975
3593 756
3593 3539
3595 130
3597 2373
3599 1206
3603 2654
3604 414
3604 651
3604 2423
3605 2227
3606 627
3606 1069
3607 7
3608 867
3608 2301
3609 3391
3610 883
3612 103
3612 997
3613 2494
3614 1738
3615 1329
3616 1891
3616 3708
3617 1145
3618 1163
3618 2855
3619 2460
3620 297
3621 1388
3622 1059
3623 2435
3624 3067
3625 1004
3626 1912
3627 3289
3629 1599
3630 1787
3632 2785
3633 879
3633 2917
3634 1124
3634 4181
3635 1772
3635 3863
3637 1183
3638 170
3640 2134
3640 2159
3641 515
3641 1720
3642 2544
3643 1950
3643 3975
3644 4161
3646 2070
3647 1452
3648 263
3648 3763
3649 908
3650 558
3651 3719
3652 981
3652 1958
3653 1673
3654 2011
3654 2028
3655 3275
3656 1059
3657 3241
3657 3563
3658 2697
3659 96
3662 3861
3663 1197
3663 3263
3664 2671
3665 2173
3665 4059
3666 798
3667 1763
3668 788
3669 952
3669 2673
3670 3619
3671 4116
3673 2164
3674 4051
3675 839
3676 3585
3677 1681
3677 2909
3678 961
3678 3431
3679 1347
3679 2039
3680 163
3680 522
3682 3398
3683 1139
3685 188
3685 830
3686 352
3686 1475
3687 459
3687 2396
3689 2800
3690 1423
3690 3308
3691 631
3691 2358
3693 195
3693 399
3693 2770
3696 2677
3697 3896
3698 1333
3698 2777
3701 2931
3701 3624
3704 1898
3705 1990
3706 784
3706 1384
3707 3919
3708 3175
3710 2120
3710 3250
3712 516
3712 2532
3712 2779
3713 1225
3714 531
3714 1503
3715 542
3715 3568
3716 2742
3718 1347
3720 2105
3720 3241
3721 3925
3723 3074
3726 1100
3727 1307
3730 2978
3730 3812
3731 3787
3732 1173
3735 3369
3736 3600
3737 2026
3738 3735
3739 2582
3740 1001
3741 1622
3742 2846
3743 513
3743 2231
3744 1496
3745 4148
3746 4064
3748 1917
3749 1381
3749 3803
3750 345
3751 1028
3752 1383
3753 2187
3754 2688
3755 918
3755 992
3756 1046
3757 3462
3757 3499
3758 3272
3759 1396
3760 503
3760 3530
3761 2729
3763 2865
3764 3617
3765 482
3765 1242
3767 3340
3768 1954
3770 1718
3770 1720
3771 835
3771 3193
3772 3144
3772 3383
3773 150
3773 2911
3774 1359
3774 3485
3775 2339
3776 2576
3778 2227
3778 3588
3779 274
3780 3129
3781 478
3781 2218
3784 3520
3785 2437
3786 866
3786 4035
3787 3812
3788 2056
3789 455
3789 520
3790 235
3791 1227
3792 522
3793 915
3794 2909
3795 1828
3796 200
3796 1661
3797 1552
3797 1929
3798 4013
3799 60
3800 2814
3803 3369
3804 3646
3805 2724
3806 2121
3806 3972
3806 4017
3807 858
3807 3893
3808 110
3808 2585
3809 428
3810 3177
3811 3471
3815 553
3815 2662
3816 3597
3817 1376
3817 2303
3821 2257
3822 3991
3824 2674
3825 1079
3826 2820
3826 3819
3827 2993
3827 3125
3828 1040
3828 2369
3829 971
3829 2595
3830 3304
3831 164
3833 2783
3833 3875
3836 792
3836 1148
3837 909
3837 4189
3839 1061
3839 2545
3840 3240
3841 855
3842 3430
3844 721
3845 56
3845 151
3846 3688
3848 228
3850 3644
3851 1795
3852 4078
3853 4030
3854 3933
3855 970
3857 1736
3858 409
3858 1449
3859 187
3859 4144
3860 1950
3861 594
3861 1900
3861 3564
3863 1878
3864 1765
3865 1999
3866 1168
3867 1103
3868 123
3869 199
3869 1292
3871 1240
3872 1450
3872 3729
3873 1317
3874 474
3876 471
3876 2411
3877 1811
3877 2937
3877 3480
3879 914
3879 2370
3881 212
3881 1459
3883 961
3884 1058
3885 872
3885 3713
3886 1995
3886 2637
3888 1737
3888 3221
3889 1531
3892 1797
3895 234
3896 1586
3896 2489
3897 2157
3898 803
3898 2152
3899 2291
3901 4112
3904 3146
3905 3277
3906 56
3907 2951
3909 639
3910 2764
3911 1751
3912 45
3912 3387
3913 156
3914 1889
3914 2631
3915 125
3915 1912
3916 3301
3917 1535
3917 2079
3918 3248
3918 3816
3919 2707
3921 912
3922 674
3923 1670
3925 772
3925 2043
3925 2551
3926 319
3927 1935
3929 1162
3929 1920
3930 1744
3930 4040
3932 898
3934 3600
3935 800
3936 1966
3936 2684
3939 259
3940 1158
3940 2197
3941 4078
3942 383
3942 3554
3943 1821
3943 3503
3945 3636
3946 3840
3947 2257
3948 1316
3951 1752
3952 1474
3953 1884
3953 3797
3954 3040
3955 3693
3956 2809
3957 3168
3958 2916
3959 154
3960 3479
3961 2146
3962 1142
3962 4163
3963 3013
3964 1623
3965 2598
3966 1125
3967 1307
3967 3897
3968 416
3968 3738
3969 4195
3970 2069
3970 3902
3971 755
3972 1369
3973 2768
3974 1724
3975 3244
3976 1486
3976 2473
3977 952
3977 2446
3980 1857
3980 3217
3982 2570
3983 1077
3983 1557
3985 3028
3986 3579
3988 4033
3989 2264
3990 892
3992 1290
3993 2269
3994 3088
3995 2306
3996 938
3996 2342
3997 3331
3999 2378
4000 3075
4001 318
4002 2662
4003 1227
4003 3220
4004 3540
4007 949
4008 173
4008 3036
4010 3305
4011 2886
4011 3106
4012 1867
4014 548
4014 4037
4015 720
4015 2981
4016 880
4016 2522
4018 3981
4020 1257
4020 2593
4021 394
4022 3533
4024 4002
4025 1064
4025 4050
4027 2918
4027 3561
4028 2150
4028 2419
4029 3709
4031 2046
4031 3150
4033 3849
4034 2722
4035 2842
4036 272
4036 2388
4038 1641
4038 3843
4040 2296
4043 2247
4044 1109
4045 3849
4046 886
4047 3973
4049 101
4049 2092
4049 2282
4051 1937
4051 2443
4052 717
4052 3245
4054 3114
4055 1630
4056 313
4057 2938
4059 647
4061 2946
4062 3192
4063 3797
4065 2004
4065 2414
4071 1386
4071 1722
4073 3300
4074 2317
4076 3655
4079 2253
4079 2742
4079 3118
4079 3371
4080 3487
4081 1585
4081 3053
4082 1783
4082 3628
4083 976
4083 1739
4084 4041
4085 449
4085 3213
4087 4179
4088 2927
4089 2929
4090 2653
4091 1005
4091 3268
4092 965
4093 2876
4093 2950
4094 473
4094 667
4095 105
4095 3015
4098 2034
4099 1701
4100 1370
4101 3684
4103 1954
4104 2326
4105 1613
4106 1107
4106 1420
4107 2445
4108 92
4109 2407
4111 2560
4112 3766
4113 1335
4115 4148
4118 3026
4123 2260
4124 1042
4125 1911
4129 2951
4130 61
4131 2844
4132 566
4132 1268
4133 2501
4134 510
4135 2455
4136 1839
4136 3103
4137 330
4137 801
4141 92
4141 458
4142 1612
4143 2589
4144 3611
4145 245
4146 1718
4146 3316
4147 1007
4147 3229
4150 631
4150 3809
4151 218
4151 781
4152 2798
4153 464
4153 2988
4154 1209
4155 797
4155 1808
4155 3711
4156 1548
4157 302
4157 4012
4159 4005
4160 780
4161 423
4161 1647
4162 2475
4165 1656
4165 4198
4167 2500
4168 3107
4169 1069
4169 1990
4170 384
4172 2011
4173 3995
4174 3982
4174 4009
4175 2886
4175 3409
4176 3224
4176 3630
4176 4116
4177 369
4178 3460
4180 3814
4183 1876
4184 1230
4185 3366
4185 4051
4186 1067
4186 3751
4187 868
4187 2809
4188 1378
4188 3894
4189 2749
4190 491
4190 3290
4191 4007
4192 4087
4193 2949
4194 860
4194 2028
4195 9
4196 795
4197 2154
4197 2304
4198 1298
4199 1257
4199 4048
