900 900
0 376
2 540
2 617
3 891
4 238
4 266
4 400
4 846
7 802
9 138
10 890
11 744
12 363
13 333
13 487
14 338
15 210
17 696
17 884
18 507
18 541
19 724
20 163
21 54
24 200
24 298
24 805
25 405
25 662
26 15
28 467
28 602
29 508
29 894
32 150
32 166
33 2
34 458
35 251
35 819
36 151
36 505
36 849
37 518
37 883
38 96
38 295
39 300
43 232
43 472
43 564
44 404
44 646
46 471
48 228
49 164
50 43
50 782
52 228
54 627
57 442
58 556
59 65
60 600
61 819
67 166
71 241
72 285
72 427
72 870
73 511
74 17
74 18
74 217
74 488
74 779
75 29
75 426
75 805
77 235
79 412
79 870
80 102
80 753
81 420
82 75
82 100
83 390
83 622
85 885
88 457
88 651
88 837
89 458
91 43
93 29
94 875
95 791
95 852
97 787
99 106
101 505
102 531
103 609
104 279
106 771
110 557
110 632
110 673
110 868
111 507
114 245
114 573
117 84
118 674
118 692
121 94
123 841
124 728
125 30
126 296
126 523
127 370
128 207
129 860
130 485
131 491
134 276
135 78
135 217
135 716
136 516
138 44
139 568
140 362
140 364
140 431
140 491
141 35
141 809
142 40
142 665
143 380
144 641
145 18
145 63
146 162
146 823
147 329
147 441
147 484
147 802
149 311
150 859
152 155
152 187
153 632
154 61
155 160
155 185
155 304
156 39
156 446
156 795
157 819
158 528
161 713
161 813
162 116
163 94
163 133
163 476
164 633
165 502
166 566
166 701
167 112
169 594
170 68
177 221
177 503
177 845
178 493
180 30
180 843
181 72
181 240
181 771
182 235
185 147
185 411
185 882
188 44
188 516
188 547
188 600
189 110
190 59
191 555
192 899
193 560
195 31
196 142
196 174
196 437
197 18
197 800
199 225
199 361
199 798
200 183
200 471
200 839
201 88
201 259
201 403
201 567
201 715
201 779
202 495
206 860
208 6
209 470
210 407
214 263
215 757
215 776
216 522
216 742
217 39
217 253
218 397
220 274
220 279
220 610
221 721
222 45
222 327
223 724
225 425
227 837
229 404
230 348
232 253
232 501
232 617
232 730
232 828
233 629
235 143
235 188
235 638
235 826
238 278
239 37
239 175
240 393
241 502
242 867
244 623
244 721
246 391
250 271
250 700
251 323
251 656
251 682
252 478
254 683
255 372
255 489
256 523
257 222
257 553
258 363
260 57
261 836
263 529
264 425
265 604
266 3
266 257
266 519
266 758
266 780
268 347
269 730
271 878
273 47
273 549
273 727
274 382
274 487
275 263
276 720
277 464
279 442
280 281
283 35
284 155
284 709
285 224
286 709
287 72
287 220
288 436
289 590
292 216
293 491
296 290
297 244
297 684
299 197
301 417
301 655
302 79
303 585
305 435
306 244
307 683
307 880
308 253
308 647
309 321
310 307
312 225
313 36
314 361
315 79
316 36
316 524
317 49
320 448
321 110
325 328
326 194
326 376
328 773
329 115
330 370
331 181
332 893
335 149
335 539
335 761
336 119
336 237
336 546
338 179
338 725
340 720
342 531
343 845
344 862
345 284
346 401
349 475
350 221
351 249
352 219
352 248
352 728
352 778
352 807
353 499
354 513
355 525
356 231
357 228
358 237
358 734
358 865
362 241
365 741
366 505
367 741
369 392
369 835
370 262
370 831
371 181
373 641
374 704
376 741
377 721
378 767
379 729
381 516
383 497
385 627
386 150
387 319
387 423
387 870
389 232
391 685
394 855
395 829
399 425
402 573
405 207
405 485
405 587
405 785
405 815
406 358
406 475
410 717
410 752
413 787
414 528
416 257
418 863
421 297
422 30
424 346
425 158
425 595
426 402
430 339
430 446
430 750
430 817
432 120
432 251
433 857
434 529
435 433
436 805
437 171
438 696
439 137
439 531
440 516
444 131
445 711
447 483
447 491
448 815
449 213
449 277
449 341
449 453
450 739
450 876
451 586
454 205
454 851
455 209
455 226
456 148
456 672
459 58
461 510
465 787
466 16
466 51
467 346
467 588
469 687
471 544
472 799
474 44
477 172
477 270
477 589
477 792
478 773
480 885
481 450
482 445
485 267
485 462
487 558
488 212
488 221
488 235
488 714
488 764
489 163
489 322
489 668
492 4
494 384
494 385
494 531
495 648
496 212
497 637
497 808
498 291
498 443
498 695
500 39
500 468
500 770
500 774
503 408
504 448
506 222
509 442
511 150
512 474
512 765
513 439
515 114
520 665
521 890
525 226
527 578
528 760
529 332
529 582
529 670
530 334
530 639
530 861
531 159
531 479
532 673
533 383
534 826
535 876
536 160
537 499
537 694
539 74
539 112
539 645
541 581
542 99
543 196
548 17
550 497
551 811
552 108
553 186
554 23
555 811
556 179
557 282
559 887
560 463
561 62
561 207
561 844
562 538
562 851
563 149
563 461
564 173
564 614
565 188
565 835
566 531
568 362
568 539
570 434
571 600
572 199
573 113
574 522
575 467
575 668
576 573
577 122
578 589
579 446
581 368
583 686
585 287
586 26
586 604
586 856
587 242
587 417
589 601
589 745
590 644
590 767
591 627
592 277
592 840
593 529
594 454
597 764
598 40
599 442
600 858
600 899
604 376
604 853
605 69
605 899
606 337
606 394
607 11
608 771
609 84
612 257
613 339
615 90
615 135
615 556
616 584
618 871
618 890
619 347
619 675
620 769
621 403
622 6
622 668
623 107
624 53
624 76
624 733
625 157
626 110
626 291
626 779
626 784
628 327
629 193
629 324
629 605
629 657
630 108
630 418
631 571
634 29
635 623
636 335
638 42
638 653
639 231
639 568
640 393
641 70
642 375
643 22
643 301
645 428
645 786
648 529
650 105
650 473
650 523
650 764
652 582
654 135
656 98
656 168
657 419
657 603
658 345
659 302
660 363
661 65
661 100
663 426
664 249
664 521
665 873
666 851
667 861
668 235
668 550
668 687
668 836
672 759
673 56
675 48
676 424
678 514
679 497
680 214
680 526
681 75
684 239
685 17
685 64
687 587
688 19
689 428
690 17
692 645
693 681
694 671
695 247
698 454
699 616
702 686
704 415
704 442
705 362
706 30
706 201
707 36
707 92
708 884
710 611
712 559
712 769
713 729
714 762
719 616
720 554
721 81
721 103
722 66
722 204
722 452
722 802
723 568
724 74
726 137
727 752
728 376
728 775
729 68
729 286
729 347
729 398
730 55
730 397
730 678
731 822
732 40
733 43
733 649
734 18
734 176
734 537
735 416
738 764
738 773
740 721
742 569
743 706
744 237
746 595
747 361
749 485
751 360
751 819
752 27
752 49
752 388
752 491
754 399
754 866
755 324
756 293
757 465
757 531
758 108
758 188
758 272
758 805
759 466
759 479
759 660
759 748
759 801
759 832
761 318
763 630
764 8
764 376
764 669
766 102
766 702
767 491
768 428
769 35
771 486
772 488
772 490
772 545
773 109
773 122
773 199
773 820
774 783
776 184
777 352
777 718
778 281
778 348
779 155
779 307
779 554
781 622
787 89
787 488
787 697
788 853
789 580
790 429
792 116
792 132
792 195
792 539
793 35
794 564
795 789
796 751
797 184
803 885
804 451
805 203
805 822
805 842
806 121
808 250
810 591
811 582
812 682
814 892
816 717
818 462
821 211
821 734
824 792
825 336
826 35
826 294
826 375
826 851
827 38
828 236
829 568
830 178
830 215
830 872
831 5
831 163
833 150
833 460
834 806
836 1
836 196
836 396
837 841
838 541
842 243
847 71
847 234
847 677
848 240
850 71
850 790
851 226
852 738
852 877
853 691
854 503
855 737
857 669
861 87
865 517
865 596
868 344
868 409
869 166
870 36
870 332
870 359
870 522
870 779
873 703
874 42
874 96
876 50
876 198
876 449
876 719
877 373
879 378
881 255
882 206
882 736
885 335
885 445
886 683
887 556
888 681
889 17
890 41
890 86
890 779
892 79
895 643
896 824
897 868
898 720
898 855
898 864
899 611
