190 190
0 113
0 119
1 20
4 62
5 35
6 77
6 183
7 185
8 11
10 51
10 124
10 128
11 25
12 92
12 154
13 42
13 68
14 82
14 125
14 129
15 139
16 28
16 163
17 15
18 70
18 145
19 151
19 162
23 60
24 152
26 120
26 164
26 172
27 64
28 75
29 117
30 49
30 59
31 8
32 9
33 83
33 138
34 91
37 107
39 180
40 36
40 69
40 88
41 15
41 79
42 39
43 153
44 137
45 56
46 2
50 57
53 23
54 174
57 76
58 128
58 141
61 79
62 73
63 116
65 149
66 59
67 111
68 71
69 107
70 127
71 84
72 114
74 32
77 185
78 26
78 50
78 93
80 49
80 182
81 27
85 159
86 176
87 48
89 91
89 117
90 99
91 76
91 96
94 144
97 42
99 52
99 67
99 86
100 103
100 116
102 115
104 150
105 5
105 104
107 186
108 9
108 38
109 181
110 21
110 114
111 165
112 44
113 25
114 62
115 173
116 17
118 48
118 163
119 27
119 44
121 20
121 29
122 22
122 87
123 84
123 101
124 53
125 46
126 75
129 55
129 188
130 142
130 183
131 33
131 150
132 65
132 179
133 66
133 175
136 116
139 95
140 19
140 154
141 189
142 3
142 108
143 58
144 138
144 181
145 166
146 30
147 182
148 75
148 164
149 85
152 32
153 47
153 157
155 92
155 115
156 52
157 180
158 56
159 127
160 158
161 110
162 100
163 98
166 122
167 5
167 31
167 134
168 86
169 60
170 73
171 36
171 54
171 135
173 101
174 147
175 112
177 46
177 160
178 61
178 176
179 169
181 43
183 106
184 24
184 45
185 1
186 111
187 26
188 161
189 4
