450 450
0 264
0 447
3 27
3 120
3 285
3 425
4 359
5 250
8 141
8 152
8 164
8 294
9 225
10 134
11 168
12 117
12 329
12 429
13 157
14 357
15 45
15 75
18 94
18 139
18 234
19 244
19 393
20 39
21 158
22 31
22 159
22 333
22 383
23 3
23 355
24 53
25 160
26 70
28 118
29 150
31 236
31 369
32 255
33 230
33 289
36 207
37 139
38 332
39 222
42 238
43 403
44 162
46 226
47 242
47 255
48 9
48 208
48 330
48 354
49 286
51 256
52 109
53 219
53 396
56 220
56 229
56 381
56 421
58 90
59 48
60 259
60 335
61 75
65 297
68 155
68 272
69 154
70 283
71 437
72 327
73 26
74 159
75 101
75 335
75 443
76 18
77 9
77 75
77 139
77 152
77 241
77 250
77 288
77 384
78 288
78 394
81 31
82 391
83 97
84 422
86 321
86 333
87 147
89 190
90 116
93 136
93 331
94 111
96 87
97 182
97 341
97 448
99 258
102 255
103 288
104 76
106 220
106 274
106 362
107 287
107 435
108 233
109 347
110 107
110 294
113 125
114 252
116 30
118 263
118 285
118 387
118 413
120 134
120 432
121 109
122 89
122 301
122 303
122 334
122 439
123 133
123 309
124 329
125 88
125 383
126 233
129 268
130 282
130 320
130 416
131 142
131 235
132 148
134 144
134 239
137 67
138 212
138 429
139 285
139 314
139 391
140 31
143 139
143 420
145 115
146 374
150 388
151 251
151 349
152 337
153 329
155 273
156 344
157 342
157 415
158 188
158 279
158 300
158 304
159 80
159 284
162 392
163 18
163 215
165 296
167 31
170 177
172 201
173 155
174 378
177 139
177 238
178 66
178 395
179 244
180 428
181 401
181 402
182 63
182 258
183 41
183 95
183 169
184 291
184 328
185 264
186 278
187 50
187 122
187 173
189 327
190 17
190 85
194 193
195 317
196 173
199 251
199 445
203 54
203 289
204 98
204 432
205 385
206 103
208 90
208 108
208 128
208 248
209 27
210 339
211 121
211 339
213 361
214 18
214 411
216 208
217 348
218 123
219 145
219 361
221 39
221 61
222 112
223 236
224 2
224 377
226 123
227 14
228 425
231 346
234 64
235 6
235 358
236 16
237 91
238 131
240 115
243 180
244 332
244 385
245 283
247 418
250 93
250 401
251 159
251 168
252 182
253 86
253 193
253 403
254 324
255 187
257 118
257 119
257 162
257 313
258 34
261 203
261 207
262 289
263 305
263 390
264 275
265 51
266 385
266 427
267 369
268 353
269 377
270 232
270 309
271 75
272 67
272 374
277 250
279 14
279 430
280 51
280 183
280 191
280 322
280 359
283 92
285 158
285 359
286 179
288 319
288 324
289 334
290 74
291 62
292 443
293 283
293 288
293 340
294 35
296 289
297 81
298 181
299 346
302 130
306 272
307 348
309 18
310 139
310 249
311 214
312 257
314 171
314 198
315 192
315 448
316 48
316 371
317 308
318 302
326 57
326 157
326 416
327 300
328 75
328 317
330 368
333 7
333 158
336 442
338 161
338 421
339 346
341 158
341 187
343 66
344 135
344 202
345 317
346 160
346 260
346 264
346 386
347 200
348 145
350 441
351 210
352 385
354 295
356 75
356 276
360 176
360 401
361 100
361 135
361 166
361 407
361 428
363 272
364 269
364 449
365 246
367 5
370 264
371 96
372 75
373 10
375 119
376 237
378 70
379 68
380 127
380 175
380 429
381 12
381 129
381 279
382 250
383 210
385 281
391 69
393 40
395 193
397 61
398 316
399 18
400 324
401 325
402 323
403 278
404 122
405 204
406 300
406 442
408 1
408 177
408 389
409 210
410 148
410 244
410 285
410 361
412 102
414 43
414 366
416 139
416 272
417 3
417 201
418 18
418 105
419 449
422 158
422 197
423 157
424 3
424 446
426 388
428 388
430 79
431 339
432 365
433 380
434 417
436 12
437 387
438 27
439 55
439 376
440 63
440 149
441 395
442 269
444 53
