110 110
1 35
2 50
3 61
4 3
4 23
5 57
5 101
6 75
6 93
7 15
7 37
8 29
9 32
9 94
10 61
11 74
11 100
12 2
13 59
14 109
16 0
16 28
17 42
17 46
19 18
19 41
20 1
22 58
24 51
25 32
26 18
27 85
27 98
28 15
29 85
33 13
33 34
36 91
38 14
40 37
40 75
43 24
44 97
45 49
45 104
47 98
48 47
49 36
51 12
52 100
53 60
54 52
55 76
55 92
56 8
56 95
58 30
59 67
60 64
62 42
62 43
64 50
65 90
65 109
66 77
66 86
67 39
69 104
70 46
70 91
71 76
71 105
72 96
73 34
73 68
77 0
78 48
79 31
79 38
80 39
80 84
81 53
82 30
82 63
83 54
83 78
84 35
86 106
87 22
87 69
88 81
89 21
89 31
90 99
92 21
93 88
94 10
95 20
96 57
97 68
99 23
101 103
102 26
102 63
103 44
105 72
106 108
107 41
107 74
108 25
