500 600
0 57
0 349
2 119
4 162
4 422
5 309
7 491
9 244
9 474
11 402
12 423
15 89
17 138
17 464
18 432
19 180
21 184
21 318
22 8
23 14
23 124
24 159
24 314
25 57
25 293
27 272
28 430
29 3
29 288
31 106
31 219
32 430
33 107
34 360
35 365
35 472
36 259
37 226
37 285
39 153
39 220
40 360
41 353
43 106
44 316
47 55
48 55
48 471
50 315
51 138
53 16
53 129
53 303
54 200
55 441
56 86
56 458
59 152
59 341
61 324
61 343
62 385
63 53
64 141
68 333
69 112
70 298
71 387
73 442
74 285
75 205
76 22
76 109
76 214
77 13
79 153
80 176
81 314
82 205
82 285
83 54
83 333
85 429
86 474
87 10
87 15
89 42
90 337
90 464
91 250
91 473
92 5
92 244
93 121
95 12
95 244
96 372
97 412
98 191
98 292
99 144
99 295
100 270
101 130
102 122
102 322
103 52
103 388
104 191
104 223
105 282
106 453
108 180
108 370
109 390
110 27
110 172
110 251
111 168
111 458
114 84
114 213
114 489
115 450
116 124
117 424
118 486
120 328
120 404
123 100
123 383
125 114
126 2
126 19
127 278
127 376
130 177
130 229
132 58
133 234
134 151
135 112
135 169
135 418
135 434
136 187
136 415
137 103
137 313
139 481
141 87
143 258
143 321
144 110
145 296
146 42
146 147
147 20
148 263
148 382
149 455
150 156
151 242
152 399
154 116
156 26
157 292
157 497
158 67
158 142
159 10
160 359
160 437
161 113
162 132
163 340
164 386
165 38
165 45
165 145
166 194
167 51
167 405
168 185
169 290
170 236
170 449
171 65
171 494
172 7
174 5
174 56
175 365
176 45
176 46
178 301
179 317
180 88
182 16
182 364
183 299
184 164
185 14
185 40
186 25
188 307
189 132
190 140
190 258
191 1
191 32
192 21
192 56
193 309
194 131
194 289
194 417
195 351
196 163
196 433
197 217
197 228
198 26
198 49
198 97
198 378
201 115
202 195
203 41
204 41
205 319
205 353
206 6
206 85
206 177
207 178
207 430
208 12
209 107
209 181
211 173
211 434
212 154
212 202
212 449
212 462
215 425
216 330
217 79
218 245
219 67
219 71
219 394
222 72
222 76
224 469
225 66
225 75
226 397
226 476
227 155
227 432
228 115
229 402
230 335
230 447
232 55
232 463
234 254
235 426
237 392
238 431
239 296
239 442
240 324
240 483
241 128
241 396
242 175
242 246
243 116
244 233
245 129
245 220
247 126
247 447
248 21
249 20
250 70
250 303
250 419
251 396
252 74
252 203
253 34
253 248
254 371
255 384
256 89
257 268
258 341
258 400
259 231
260 101
260 308
261 200
262 1
262 208
263 199
263 210
263 410
264 179
264 441
265 66
265 142
265 453
267 236
267 369
268 221
269 122
271 261
271 315
272 80
273 29
274 273
274 310
275 78
275 284
276 444
277 113
277 180
279 394
280 167
280 340
281 13
281 274
282 107
283 317
283 425
284 44
284 50
286 116
286 360
287 89
288 269
289 279
290 150
290 406
291 235
291 387
293 64
294 243
295 139
297 94
298 218
300 452
300 461
302 408
304 210
305 128
305 165
306 319
307 201
307 400
310 276
311 49
311 173
311 383
312 36
312 79
314 256
315 444
316 448
317 375
317 466
318 185
320 327
321 468
322 315
323 25
323 352
324 189
324 249
325 414
326 457
328 18
328 73
329 216
329 440
330 387
331 254
331 473
332 231
332 237
333 278
334 52
334 479
335 60
336 69
336 370
337 246
338 139
338 414
340 33
340 215
342 134
342 327
343 81
344 36
344 245
345 59
345 255
346 350
347 130
347 299
348 155
349 59
350 47
350 301
350 361
351 360
352 65
354 139
355 88
355 266
356 105
357 11
357 339
357 436
358 326
358 429
359 206
362 270
362 407
363 29
363 432
366 94
367 167
367 181
368 149
368 268
369 440
370 484
371 411
373 257
374 36
375 107
376 357
377 72
377 126
378 270
379 38
379 398
379 446
379 456
380 242
380 268
381 313
382 131
384 307
385 161
385 439
386 5
387 166
388 254
389 361
389 460
389 495
390 60
390 366
391 183
391 409
393 132
393 431
395 62
396 46
396 96
397 133
399 186
401 176
403 389
404 3
405 136
406 311
407 451
408 320
409 461
410 170
411 364
411 381
411 419
413 290
413 395
414 93
414 117
415 373
416 54
416 452
418 385
420 170
420 294
421 287
421 445
422 20
423 193
424 58
426 106
427 28
428 54
428 284
429 125
429 308
430 403
431 224
431 325
432 77
433 136
435 292
435 427
436 299
437 299
438 102
438 274
439 370
440 199
440 417
442 348
442 398
443 401
443 446
445 352
447 214
447 266
448 333
450 237
451 412
454 390
454 408
455 134
456 30
457 407
459 43
459 204
460 223
461 68
461 339
462 304
463 495
464 187
464 221
465 41
465 265
466 471
467 87
467 352
468 399
469 354
470 12
470 292
471 118
471 356
472 297
472 302
472 488
475 188
475 392
476 103
477 20
477 314
478 226
478 306
479 285
480 78
480 102
481 7
482 63
482 374
483 238
484 119
485 79
485 237
486 346
487 213
487 492
488 134
489 407
490 8
490 408
491 372
492 270
493 115
493 140
494 399
496 6
496 84
497 233
498 30
498 328
499 7
499 121
