6
50
122 374 287 491 227 392 294 657 446 774 441 631 488 570 330 465 15 177 444 837 65 452 156 232 326 759 1 463 379 488 110 295 132 380 62 551 62 121 8 463 349 715 453 737 6 496 304 736 9 351 20 272 352 434 301 516 367 386 125 229 399 562 9 218 126 426 193 196 72 228 292 338 490 903 97 566 317 381 216 376 473 905 138 472 443 810 477 742 404 512 370 384 309 658 248 493 173 554 402 504 
25
914
499
669
198
832
937
677
357
931
588
642
314
972
937
243
760
503
816
496
760
52
317
221
724
728

200
127 408 647 1265 846 1105 698 1526 583 1176 747 1678 241 1263 295 1544 791 1122 64 1299 757 1669 312 1050 27 927 473 1145 431 1079 293 1107 111 861 147 1219 620 1135 32 1085 979 1239 567 1103 422 567 120 551 588 1116 116 800 306 1449 577 1749 1104 2117 1196 1323 248 1446 585 700 76 255 215 1153 1164 1504 527 1686 1156 1679 1232 2013 737 1019 587 1357 929 2073 594 1510 172 826 159 436 800 1676 553 884 355 1349 611 1674 844 1546 108 598 878 1382 525 1011 20 948 1066 2148 902 1948 561 1533 641 866 283 821 401 1448 263 604 156 697 340 1389 781 2003 1127 1215 693 1833 875 1822 724 1074 670 872 492 993 91 1088 17 267 132 984 878 1040 704 1280 913 1631 659 1675 1011 1233 976 1993 406 1559 69 1240 842 1042 698 1048 1240 2481 67 289 32 1265 1195 2075 2 1012 489 644 662 1658 203 1440 1136 1298 558 677 752 1344 5 194 680 1158 616 1444 780 1685 446 824 1003 1583 975 1717 290 474 412 910 357 1430 262 371 578 1811 1205 1590 782 1428 929 1271 1092 1177 208 991 400 911 348 1121 462 679 1131 1353 376 1119 653 1333 641 741 71 358 508 1702 306 314 682 917 410 1274 43 178 173 230 477 672 1195 1350 1093 1344 151 1172 1181 1671 942 1192 1098 1105 1021 2171 362 863 1153 1587 754 1075 1148 1923 227 1149 730 988 1216 1817 631 1105 730 975 780 1568 1165 2154 1044 1408 1129 1433 453 1224 617 804 470 1334 97 523 216 412 602 1783 721 1904 979 1997 520 1255 1105 1618 310 1255 471 854 1020 1816 860 911 492 577 796 1484 1027 1377 409 1260 358 547 586 1081 585 664 910 991 599 1641 448 1434 1116 1526 65 239 1183 2212 668 873 1195 2295 573 751 886 935 1064 2183 1194 2212 694 1754 436 1221 712 1304 850 1022 178 723 551 1032 199 472 101 1130 1095 2278 921 1425 1132 1294 360 465 1223 1646 1137 1679 921 1087 822 1452 280 1317 716 1492 721 1429 439 521 1123 2161 24 929 
100
1883
377
1939
1347
1195
842
1939
1564
521
1426
814
465
893
1859
1841
2412
184
1459
549
2119
1675
1453
819
1124
2047
951
1545
876
764
413
1583
1078
1252
1197
1128
2231
271
1805
1911
401
696
921
1513
2201
515
2310
287
1926
995
1492
1181
1556
1104
1194
1714
669
329
262
2424
175
1000
1287
1617
1871
1042
2344
824
706
642
1192
2281
1503
1998
1079
2444
1036
1337
453
601
1735
1206
2313
1794
1345
2141
138
1994
1633
772
1017
1705
608
1877
1962
1521
1672
1130
2113
1591
1231

500
1 5000 5000 5000 2003 4428 2468 4546 163 644 1536 2639 1430 2909 744 3025 2260 3210 1884 4215 2035 3371 732 2124 2308 4378 1704 3658 2419 2567 939 1175 672 2280 1157 2279 1586 3095 874 883 1455 3173 1043 1204 355 685 1172 2161 1154 3322 2195 3432 1153 2085 1531 2084 581 2308 433 698 291 1648 877 2106 1663 2064 1363 2303 1436 1679 2335 3969 998 3231 259 2250 859 2762 1196 1530 236 490 131 2154 1683 3967 1904 4106 451 1581 232 2394 1220 3258 2077 3294 1177 1221 2159 2195 2228 4405 829 1172 979 1275 394 2434 1150 2924 1192 3534 650 2390 1653 2467 2234 2828 2190 3999 429 2083 1045 1509 390 1509 775 1780 116 2042 1042 1557 994 2234 1077 3051 2388 3834 354 2154 2216 3590 389 569 1655 3681 255 813 2044 2471 514 613 2300 3427 904 2051 533 1705 1404 1509 1261 2886 888 2036 1946 4330 1089 2238 675 3047 421 509 2478 4493 427 2142 149 2601 2026 3171 1176 2206 1875 2920 2212 3710 1518 2542 154 1302 1131 2456 719 1778 389 2593 1817 2441 1169 1394 564 1564 1429 2388 1059 1514 1997 3522 2410 4500 898 1719 1455 3363 370 2775 525 2266 529 796 8 1320 409 1534 224 1607 930 2919 390 2499 1560 3454 325 773 2249 3815 2319 4807 776 1988 1995 2184 1864 2210 1847 2848 11 1003 94 556 2402 2852 531 1626 1634 3815 334 2055 449 2591 1289 1423 343 1007 1536 1994 1820 2728 894 1557 415 2857 1411 3394 1350 1889 522 854 2117 2467 1960 2784 1845 3269 1912 2746 37 2238 1782 3955 2471 3323 2015 3111 777 2908 1638 2986 1392 3565 293 1056 439 1348 1088 3342 1097 1457 1967 3273 160 946 1155 1738 322 2128 110 1743 930 1950 224 704 157 1274 255 1718 1399 3598 1491 2008 352 2270 2407 3260 2143 3485 568 725 750 2488 987 1494 2329 3411 399 1942 718 1608 1873 2536 1886 2190 688 1356 925 1166 109 2572 360 2767 1403 1645 180 2478 2136 3729 1900 3249 112 560 299 1991 740 1014 2488 3889 2487 3563 1363 1735 905 1850 1805 3737 1781 3696 1640 3295 2165 2344 1373 3138 2297 3774 768 2594 557 1432 169 1183 1616 2396 2394 2453 1181 1653 1968 2346 1717 2284 386 2408 1271 2426 2086 2429 2428 3168 2275 3306 2136 2592 1397 3304 351 2278 2435 4520 165 1043 415 684 2231 3230 1997 4211 714 2022 702 801 223 2213 572 2451 1414 3827 634 2444 329 1780 948 2290 29 1406 2229 2828 2379 3576 1055 1934 424 2906 822 1280 1770 1773 2062 4255 1176 1968 1685 3359 986 2481 279 1795 746 1252 56 833 1060 2540 1021 1804 48 731 1537 1576 229 231 1167 1284 1870 3435 1524 3440 642 1456 1959 3920 274 884 2282 4770 10 387 1636 3091 372 2762 1068 3381 172 2307 1525 3875 621 2403 1852 2660 1947 3489 1259 1461 2484 3041 180 1129 1032 3230 1110 3127 196 2582 8 1961 166 1590 940 1776 767 2338 964 3204 2491 2604 1203 2687 157 1946 694 2332 307 2368 1427 3830 653 1116 1364 2499 1331 2329 37 563 230 831 1508 3550 159 2279 1121 3455 687 2702 1949 3443 1371 3372 77 2405 223 888 412 565 2054 3529 775 1742 277 1731 1197 1509 70 2304 2362 2625 2109 3608 1417 2670 1505 3039 1221 3218 608 2298 1314 2639 2044 2326 225 1264 1216 3186 710 3055 656 2493 2119 3649 297 2740 2150 2884 1624 1883 1720 1748 1456 2820 1104 2038 1244 1584 1650 2119 2319 3921 441 937 872 2798 653 1805 246 1925 1631 2889 1445 2515 1839 3408 8 2406 987 3477 290 993 1378 3036 2163 4630 408 983 500 644 2330 4706 951 3432 318 949 2402 3042 148 2576 1111 3380 584 2160 2037 2522 887 2622 1174 1272 2221 3797 708 1772 1410 1686 2075 2220 1350 2945 1476 3557 2228 3247 1480 2311 2174 3031 2057 2214 1798 2940 942 1338 24 1683 2431 2707 1351 1940 1795 4191 924 1532 1253 2922 931 2226 2339 2792 245 762 1117 3336 291 1255 1239 1981 624 3104 1302 3021 2186 2520 828 2840 1271 2345 1208 1346 2008 4186 600 2460 1591 2217 947 3321 193 1459 2327 3704 642 2841 2183 3833 2301 3843 1359 2887 1209 1327 1340 1848 1506 1735 820 2636 747 790 1124 2440 984 1979 284 501 1159 3377 1420 2823 2335 2816 1871 3118 2497 3912 1194 3348 1281 3579 1192 2209 2457 3037 1513 3799 1385 1551 1818 3110 1929 3193 2230 3506 932 2470 2011 4139 775 1955 845 1705 2491 2860 752 1595 689 3104 1901 3533 1942 3393 1382 2937 855 1277 155 1158 799 1021 618 755 148 2122 1284 1499 2384 2846 2181 4105 2336 4555 2181 4067 1956 2094 781 2543 518 1607 1370 2420 2262 3559 1342 3726 2111 2484 895 2381 440 2356 1377 3796 181 1398 768 2110 25 1789 995 1470 1609 2174 478 1961 1066 2724 62 286 41 151 231 781 2404 4237 711 3039 654 2133 1617 2209 2056 2424 1845 2975 1899 2152 1375 2603 1405 3272 1192 3631 1531 3427 2194 4095 2473 3444 459 2735 1146 1812 1161 1336 1184 1351 629 2313 2180 2800 2101 2436 1935 1994 2249 3774 1208 3446 1192 3245 2021 4013 1089 2925 2498 2808 1282 3501 89 2302 2445 2701 708 2333 1659 2364 214 2551 140 288 2476 2722 2034 3066 1913 4025 282 971 2484 4208 441 1246 334 559 1028 3015 660 673 326 2279 190 241 987 1832 1228 3083 127 1947 1198 3551 853 1237 1871 2047 1018 2646 1158 3638 234 1936 576 2527 
500
2176
3485
3738
3173
4539
856
4776
1814
1958
1460
2168
3473
2134
3782
473
712
4483
1513
703
3559
455
4515
3584
3425
3659
4826
1218
3538
1748
1531
431
4995
3338
3967
298
2509
4665
3139
2076
3469
3369
4354
3943
712
3136
3713
2084
3035
2120
1478
1735
330
1299
1590
1352
451
3089
3058
2253
2398
3652
3325
2450
2411
619
4149
4467
3616
3779
1939
2616
4694
2044
584
3247
927
4215
3647
2480
4814
3213
3961
4337
4602
619
544
1234
3560
4906
3516
4011
3781
875
2020
2145
1237
527
4770
1471
4115
532
3541
353
3869
4459
4963
788
3786
3862
3315
2250
3763
368
2077
2793
3876
3861
3527
3155
1302
4936
500
2656
3378
2979
163
4655
1427
1361
3666
692
641
3400
620
3715
2926
1538
4870
307
3230
4434
2570
2821
2056
267
2534
3212
4051
1396
2220
2646
111
136
759
248
114
2347
2591
3905
1971
4590
4497
4797
4150
2643
4166
2825
1556
1668
1989
1862
2855
4190
1048
2078
2687
1251
3184
4796
1036
645
2030
232
3232
4998
863
1888
4024
452
579
3706
1679
2194
1755
3477
1591
4266
3556
688
2717
3791
2884
4642
2775
974
2864
2352
1029
604
4935
1910
1650
4218
3319
1757
1973
4606
4746
4106
1680
2108
4644
670
3244
1649
2396
2130
2783
1856
1781
4875
1507
1693
3608
3819
4796
3822
2911
3304
3670
2970
3624
1590
4577
2265
1252
2295
4898
1036
3883
3347
3255
4358
2966
4403
4678
935
4697
2302
1370
4609
2459
4119
4532
3915
1387
982
2578
1083
633
4754
4606
2536
2598
4272
3190
686
1744
1421
579
867
598
2991
3200
2518
4813
3018
3889
1591
2253
327
1797
937
3075
407
3042
4324
1699
3205
1052
1056
2545
1417
4793
532
2836
4840
3012
1123
73
697
3284
3336
2407
2635
144
872
532
130
4009
574
4388
1368
1428
4613
2056
984
4674
598
1883
3941
4078
89
1164
3817
4867
4192
264
130
1184
4942
4776
639
2352
4191
4611
1857
1882
4033
3712
2156
2674
32
1298
2061
2618
3792
4487
1261
1392
667
679
1067
813
4010
790
2047
688
4152
2486
4459
845
586
3684
36
4789
1947
2572
1782
1754
4436
1388
623
3407
473
4123
4513
4115
2038
316
2227
896
2480
251
4577
2204
792
1714
295
4475
1554
2584
1605
4815
2372
3879
2436
1669
1202
2120
1943
4301
1854
3181
1797
2846
908
2051
2546
4299
4652
1066
2413
1534
2673
3059
909
2960
2774
1565
3276
2826
3568
995
1709
1619
1031
3382
2570
3174
4822
3002
4934
6
801
775
650
3586
630
2591
1051
2143
925
527
4360
3510
2201
1883
553
940
3360
2907
195
3431
3639
2276
4904
2436
1095
828
3315
1490
772
1686
4617
3786
907
2678
939
2998
4315
3465
3128
267
4533
2588
2807
228
4942
920
2427
4316
2459
143
3439
4624
1907
1166
520
1879

150
746 746 816 816 698 698 174 1025 660 1822 294 878 779 1632 681 894 867 1718 280 1182 436 1493 958 1606 1177 2148 417 1453 306 417 1123 2003 29 436 1 931 492 1492 1152 1675 622 1213 881 917 530 1643 1035 1757 940 1306 730 1323 717 1949 1239 2321 80 1161 170 885 1055 1209 1053 2240 1201 1214 1040 1498 1061 1757 270 616 625 1346 1220 2115 425 1076 111 750 1140 1989 272 1435 415 1152 1165 1896 47 1216 660 830 982 1233 412 470 510 1596 79 446 32 415 78 1283 904 1693 895 1995 604 1158 1025 1962 134 1348 403 427 60 896 148 1129 48 361 604 816 792 1459 978 2129 296 1482 593 1755 41 309 524 928 320 1255 341 1060 666 1568 81 269 1040 1109 311 1498 880 2108 823 1477 1005 1835 602 654 1064 2043 1103 2171 976 1333 23 586 1111 2337 632 757 981 1609 45 134 786 1244 133 1135 562 642 143 1072 1107 2328 681 1228 21 566 1179 1861 1182 2226 785 1120 982 1407 186 344 979 2045 80 125 68 599 423 430 557 851 790 952 769 1658 842 2048 615 739 1172 1730 741 1775 8 819 587 1468 648 986 764 1302 1248 1535 1223 2360 613 1402 506 1426 234 1295 427 1210 848 874 1028 1448 245 881 102 186 65 563 352 462 556 1384 469 1004 1143 1192 1101 1509 1150 2374 742 1309 473 1602 1033 2031 1172 2408 421 1193 396 1614 912 1365 949 1647 1122 1856 962 2197 118 233 8 281 1005 1876 254 406 885 1854 883 2012 861 1468 338 999 217 654 157 715 
80
746
346
2178
1396
855
458
1734
152
1211
661
2235
1574
1881
2439
738
1650
732
812
1009
1415
301
167
1692
22
1963
612
1005
1751
647
708
1996
1054
1987
588
2102
2090
98
1699
956
1293
267
2285
1148
1053
127
97
1079
2147
2338
73
1786
655
1798
569
1739
68
2383
2390
2092
1446
1886
350
215
322
1685
2198
365
2185
985
2036
2373
1381
1582
1518
670
1914
1989
151
113
698

200
669 1467 719 1983 143 271 193 1385 945 2160 995 2330 361 1002 411 1751 780 1985 830 2242 64 846 114 1673 1063 2226 1113 2363 84 781 134 1640 855 1919 905 2209 1151 1835 1201 2167 412 1010 462 1755 345 721 395 1610 465 946 515 1723 725 1797 775 2148 456 530 506 1515 644 976 694 1738 952 1074 1002 1787 782 1605 832 2052 249 724 299 1612 746 1132 796 1816 29 1014 79 1757 387 1527 437 2013 372 1242 422 1871 697 1855 747 2177 262 1016 312 1758 609 1553 659 2026 757 1115 807 1807 330 548 380 1524 2 389 52 1444 1222 2075 1272 2287 789 1040 839 1770 603 727 653 1613 496 1681 546 2090 241 353 291 1426 724 1096 774 1798 330 1515 380 2007 391 1381 441 1940 413 1143 463 1821 1111 1862 1161 2181 857 1963 907 2231 774 830 824 1665 163 691 213 1595 575 1137 625 1818 474 1619 524 2059 153 1164 203 1832 947 1671 997 2085 759 1851 809 2175 1078 2261 1128 2380 951 1193 1001 1846 664 1011 714 1755 186 550 236 1525 325 789 375 1644 211 320 261 1410 172 476 222 1488 1068 1595 1118 2047 625 1098 675 1799 590 1717 640 2108 614 700 664 1600 784 1772 834 2136 701 1865 751 2182 339 1410 389 1955 403 777 453 1638 855 1630 905 2065 107 406 157 1453 410 1527 460 2013 512 1256 562 1878 333 1483 383 1991 503 684 553 1592 988 2213 1038 2356 4 591 54 1545 1201 1892 1251 2196 1076 1911 1126 2205 59 90 109 1295 1030 1785 1080 2142 667 751 717 1625 1182 2226 1232 2363 1020 1365 1070 1932 923 2102 973 2301 39 679 89 1589 1114 1348 1164 1924 857 1849 907 2174 762 976 812 1738 890 2139 940 2319 684 978 734 1739 566 1394 616 1947 1192 2057 1242 2278 501 1032 551 1766 637 1221 687 1860 246 982 296 1741 1214 2143 1264 2321 1018 2267 1068 2383 745 1966 795 2233 831 1339 881 1919 795 851 845 1675 977 1643 1027 2071 1155 1541 1205 2020 39 83 89 1291 388 982 438 1741 613 620 663 1560 1011 2004 1061 2252 
150
478
962
500
2492
1270
1083
1272
800
2481
1918
1381
1735
1754
1679
1500
659
747
711
1208
493
1719
1070
1577
1871
1473
2106
949
2349
967
1570
127
1362
976
2096
724
2303
908
445
1099
1351
2057
761
1496
1943
1856
464
890
1916
502
929
720
194
996
412
831
115
1114
135
906
1202
463
396
516
776
507
695
1003
833
300
797
80
438
423
748
313
660
808
381
53
1273
840
654
547
292
775
381
442
464
1162
908
825
214
626
525
204
998
810
1129
1002
715
237
376
262
223
1119
676
641
665
835
752
390
454
906
158
461
563
384
554
1039
55
1252
1127
110
1081
718
1233
1071
974
90
1165
908
813
941
735
617
1243
552
688
297
1265
1069
796
882
846
1028
1206
90
439
664
1062

150
1100 2171 78 1100 542 1665 709 1610 532 1612 68 205 927 1005 377 671 115 1206 327 1110 980 1962 1214 2049 629 1057 974 1418 943 1818 698 1485 862 2067 138 439 372 1495 123 773 800 1824 1144 2294 1022 1084 558 1552 183 207 530 1089 543 1267 1111 1981 715 1730 988 1992 217 814 979 1377 54 71 45 1030 422 1181 529 1369 101 414 396 407 1187 1606 335 969 670 818 246 1307 720 1377 171 962 818 1397 1174 2299 620 1380 17 945 218 319 1187 1777 1011 1136 1020 1537 324 884 1014 1158 633 798 1236 1393 273 837 24 561 213 1398 412 503 600 1681 172 253 134 279 722 1957 361 1168 393 1381 476 1239 1164 2393 327 819 904 1514 327 732 779 914 431 953 588 647 879 1936 346 572 425 1529 1185 1441 379 641 170 843 1185 2189 273 1244 427 1207 644 750 661 1338 1213 2140 331 774 84 243 632 786 1064 2247 1211 2074 190 273 221 294 382 428 1246 1353 36 987 936 1143 1133 1872 631 643 134 339 913 1175 337 1250 247 1482 505 947 341 350 579 1562 785 1718 118 865 862 1088 456 1081 1248 1519 1204 2143 219 678 312 506 554 1711 353 1515 863 1471 220 702 102 280 1157 2326 1031 1179 471 1371 83 425 1074 1460 658 1806 692 1335 657 1357 305 1452 965 1822 867 1364 1054 1158 158 1034 918 1131 543 1454 590 924 636 1885 966 1604 927 1397 547 1095 96 190 1132 2254 353 1365 27 547 733 925 618 1385 472 546 854 1835 101 301 636 1836 288 512 
80
1100
1984
1204
2271
1038
1030
156
2419
1515
846
2033
781
2440
615
932
2300
787
691
2141
1733
1149
1419
1826
1757
839
2222
306
859
1377
2051
546
1488
1926
2420
784
1473
1995
90
252
187
1101
1287
236
154
994
983
2187
135
2272
746
442
1767
338
1661
1959
1625
764
503
1460
2349
1978
1283
61
1988
256
1596
1074
1912
401
435
2207
704
1918
1730
1989
561
1631
2110
1754
904

