250 250
0 169
0 221
2 24
2 173
4 51
5 116
6 93
9 181
9 182
10 88
11 32
12 55
12 222
13 71
13 75
14 191
15 109
15 171
17 22
18 101
20 246
21 140
22 232
23 33
23 212
24 76
25 143
27 148
28 195
29 245
30 165
31 216
36 50
37 192
38 61
39 44
40 18
40 244
41 82
41 216
43 32
43 38
45 124
46 242
49 249
52 8
52 208
53 122
53 213
54 131
56 99
56 232
57 1
57 35
58 183
59 163
60 87
60 97
61 91
62 210
63 141
63 205
64 54
64 82
65 117
66 126
68 147
68 174
69 58
69 89
70 3
70 204
72 227
73 110
74 137
75 159
77 239
79 168
79 185
80 206
81 114
81 129
83 59
83 194
84 197
85 10
86 160
86 161
87 119
88 240
89 90
94 146
95 49
95 191
96 66
96 134
97 175
98 229
99 74
100 127
102 19
102 243
103 42
103 147
104 179
105 133
106 16
107 135
108 174
110 51
111 226
112 93
112 137
113 108
115 98
116 155
118 100
119 118
120 4
121 249
122 130
123 94
124 47
125 11
125 240
126 25
127 7
130 230
131 188
132 34
134 92
136 149
138 224
139 62
139 65
140 142
142 6
143 213
144 55
144 114
145 34
146 157
148 211
149 128
150 107
150 109
151 115
151 135
152 45
152 117
153 48
153 80
154 29
154 176
157 169
158 101
159 16
160 78
161 237
162 8
162 145
163 1
164 3
164 37
165 123
166 129
166 226
167 158
168 120
170 26
170 186
172 91
173 184
175 46
176 228
177 26
177 106
178 217
178 248
179 14
180 85
181 39
182 192
183 193
186 156
187 171
187 189
188 155
189 30
190 27
190 167
193 138
194 47
196 128
198 31
199 5
199 42
200 84
200 248
201 50
201 234
202 20
202 111
203 77
203 185
204 205
206 184
208 33
209 90
209 133
210 7
212 207
214 35
214 211
215 44
215 136
217 247
218 28
218 67
219 195
219 207
220 198
221 21
222 180
223 67
224 223
225 48
225 71
227 104
228 72
231 121
231 132
233 36
233 172
234 196
235 220
235 229
236 76
236 78
237 141
238 19
239 17
241 73
241 238
242 113
243 230
244 156
245 197
246 105
247 92
