1000 1000
1 75
1 987
4 344
5 156
5 986
11 133
11 751
11 932
12 123
12 655
12 788
12 974
13 618
14 929
15 486
16 758
17 778
18 140
18 215
18 646
18 943
18 953
18 976
19 640
20 84
21 801
22 915
23 400
25 445
27 169
27 254
27 653
28 313
29 496
33 917
34 128
34 197
34 786
35 525
35 758
36 730
37 874
38 28
38 81
38 326
38 871
42 596
43 491
44 254
45 995
46 352
47 401
47 597
49 684
50 853
52 46
52 895
53 683
54 155
54 758
55 611
55 983
58 348
59 7
59 155
60 833
62 119
62 858
63 680
64 223
65 438
65 897
66 61
68 574
69 528
71 156
72 157
72 374
73 256
73 259
73 500
74 474
75 665
77 57
80 151
80 696
80 949
81 61
81 65
81 140
81 292
81 584
81 605
81 679
84 227
85 389
87 527
88 905
90 254
93 421
94 491
95 586
98 141
101 521
104 582
105 446
105 885
106 725
107 196
108 306
109 6
110 135
110 631
111 955
112 281
113 361
115 81
115 489
116 200
117 644
117 775
117 837
118 245
118 280
118 416
119 712
120 331
120 886
122 134
122 626
126 98
127 690
128 532
129 101
129 592
129 928
130 382
131 178
131 393
132 133
132 399
132 935
133 242
134 81
134 177
135 4
135 43
135 651
136 639
137 674
138 578
139 289
140 69
142 471
144 184
144 278
145 397
146 76
147 991
149 383
150 12
150 113
151 451
153 895
153 898
154 719
155 140
155 635
156 17
156 107
156 292
156 448
156 920
159 937
161 930
162 281
163 440
163 471
163 979
164 112
165 388
168 523
170 617
172 646
173 213
175 725
178 56
180 181
181 582
181 988
182 812
186 143
186 465
187 422
187 436
188 26
188 214
189 69
189 183
190 490
191 839
192 668
192 768
193 405
193 652
194 888
195 585
198 55
199 58
199 267
200 491
201 79
203 299
204 700
206 275
207 473
208 83
211 272
212 976
213 118
213 471
213 581
214 615
214 718
215 826
216 821
217 347
218 942
218 965
220 176
220 637
220 828
220 838
221 210
222 92
223 131
229 228
229 261
229 510
229 669
231 126
232 863
233 329
233 817
233 819
233 863
234 946
235 103
235 400
238 484
239 159
240 21
240 705
240 793
241 841
242 271
242 331
242 795
243 34
246 152
246 860
249 38
249 452
250 55
250 272
250 884
251 992
252 566
252 709
254 68
255 629
257 900
260 25
260 590
263 48
263 493
264 935
265 179
265 786
265 953
266 977
267 581
268 285
270 591
271 811
271 984
272 99
272 807
272 918
273 158
273 433
274 978
276 678
277 487
278 502
279 918
279 964
280 258
280 977
281 292
282 8
282 61
283 492
284 327
284 376
287 867
288 52
289 418
290 63
290 307
292 55
292 127
292 133
292 483
292 506
292 581
293 266
293 689
295 786
297 917
298 214
298 453
299 610
300 220
301 697
302 801
304 791
305 143
306 38
306 472
308 61
308 835
309 78
311 11
311 102
311 614
313 844
315 227
315 611
316 795
316 891
317 448
321 416
323 946
324 150
325 623
328 506
330 703
332 10
333 433
336 563
337 230
337 918
338 410
338 603
340 57
340 236
340 697
341 243
345 986
346 362
348 810
350 426
354 121
355 359
357 612
358 69
359 403
360 417
362 150
366 345
367 544
369 769
369 954
371 873
371 989
372 749
373 457
375 182
376 276
376 894
378 444
379 129
380 447
383 61
383 402
384 152
385 146
385 339
387 995
388 698
388 908
388 961
389 874
392 486
392 618
395 721
395 943
396 261
397 359
403 677
404 867
408 951
410 991
411 389
412 538
414 314
415 573
416 745
417 464
417 549
418 119
418 152
419 696
420 79
420 334
420 676
421 62
422 247
423 203
424 10
425 427
425 487
425 862
426 806
427 294
429 348
432 436
434 119
436 292
437 897
439 53
439 272
441 508
442 213
442 738
443 594
443 770
443 917
443 969
444 124
444 406
444 800
444 993
445 269
447 140
447 343
447 624
447 674
447 855
447 889
450 33
455 48
456 474
456 931
458 969
459 653
461 247
462 934
466 815
467 70
469 476
469 708
470 497
473 135
474 575
475 503
475 721
477 72
477 195
477 377
477 551
478 100
478 141
479 308
480 206
482 211
482 319
484 407
484 506
485 152
485 281
485 658
486 133
488 2
488 265
488 880
490 427
494 314
495 721
496 58
497 70
497 214
497 430
501 606
504 104
505 205
505 593
507 368
508 640
508 848
509 460
509 962
511 822
512 217
514 365
515 582
515 639
516 31
516 498
516 911
517 428
517 588
518 527
520 946
522 44
523 671
524 189
526 596
529 650
530 929
531 749
533 233
534 86
534 662
534 697
536 831
537 684
539 266
540 208
540 609
540 813
543 237
543 391
543 977
545 40
545 683
546 18
550 816
552 141
553 224
553 387
553 664
553 692
554 734
556 587
557 540
558 52
559 67
559 625
559 682
559 762
559 953
561 508
562 730
563 418
565 117
566 942
567 496
568 582
569 244
570 340
571 506
576 390
577 694
579 96
579 534
580 657
580 803
581 255
581 340
582 5
582 244
583 690
587 719
588 312
589 714
591 957
592 171
593 87
594 409
597 797
598 65
598 365
599 900
600 656
601 263
602 387
604 652
607 138
607 861
611 274
611 540
611 908
612 272
612 400
612 456
612 732
613 176
615 204
615 449
615 901
618 985
619 426
620 422
621 121
622 778
623 855
624 586
624 742
627 131
628 691
630 427
630 617
630 877
631 888
632 463
632 588
632 973
633 856
636 167
638 637
641 950
642 880
643 221
645 68
645 354
646 797
647 6
647 186
647 803
648 73
648 209
648 381
649 953
650 148
651 81
651 881
652 82
652 634
652 986
654 344
654 947
657 125
657 127
657 909
658 687
659 560
659 684
659 703
659 933
660 426
661 46
663 271
667 366
668 942
669 292
671 32
672 319
673 54
674 303
674 435
675 990
676 105
676 160
676 304
677 48
677 714
681 251
684 27
684 118
684 741
685 53
685 972
686 273
687 339
688 655
690 87
690 841
691 91
691 400
692 114
692 398
693 964
694 606
699 22
699 363
703 9
703 10
704 326
705 535
706 986
707 348
711 364
711 391
713 218
714 214
714 418
717 871
718 72
719 251
719 701
719 776
719 793
720 572
721 75
722 342
722 476
723 582
724 523
725 439
725 699
725 763
726 894
727 841
728 54
729 390
729 547
730 206
730 298
731 474
732 481
732 666
732 997
733 519
733 555
733 894
734 65
735 776
737 24
737 265
739 282
740 229
740 982
741 513
742 3
742 333
742 910
743 250
743 370
743 542
744 128
744 286
746 110
748 395
748 975
749 935
750 745
752 177
753 801
754 61
755 864
756 146
757 960
758 310
758 710
760 242
761 528
763 747
764 131
764 548
764 773
765 826
766 278
769 499
771 580
772 403
773 783
774 879
775 32
775 749
776 140
776 412
776 541
776 680
777 418
779 72
780 392
781 332
782 143
784 450
785 44
786 0
786 291
786 670
787 830
789 801
790 595
790 889
792 786
793 596
796 156
798 573
799 546
802 200
803 130
804 726
805 5
806 349
806 920
807 367
807 869
810 41
812 659
813 564
814 75
816 418
818 176
820 279
821 27
822 225
822 240
822 759
823 295
824 609
825 39
825 132
825 466
826 52
826 967
827 335
827 657
827 736
828 89
829 603
830 360
831 316
832 763
833 652
833 907
834 863
836 333
838 55
838 98
840 82
841 283
842 699
843 167
846 540
848 386
849 278
850 813
851 615
852 566
854 849
856 534
857 909
859 368
859 616
859 722
859 892
861 250
863 732
864 250
865 444
866 292
866 373
866 715
867 447
868 417
868 669
869 92
869 547
870 322
870 997
871 608
872 674
874 428
874 485
874 853
874 894
876 696
877 677
878 442
878 809
879 426
879 999
881 25
881 167
881 530
881 974
882 485
883 347
883 764
884 764
887 306
887 314
888 394
888 767
889 144
889 262
889 299
890 46
892 253
892 657
892 923
893 418
894 73
894 148
894 166
894 415
894 875
894 900
896 544
899 640
900 309
900 960
902 612
903 428
904 513
905 474
906 890
911 872
912 810
913 936
914 368
914 468
916 819
917 351
917 656
917 718
918 702
919 554
921 527
922 908
923 296
923 847
924 393
925 223
926 695
926 777
927 750
929 353
930 280
930 431
932 716
934 73
935 592
935 694
936 210
936 853
938 637
938 951
939 159
940 562
941 248
941 547
942 174
942 318
942 917
943 413
943 441
944 816
945 131
945 980
946 272
948 228
948 909
949 569
950 133
950 226
952 320
952 974
953 159
954 494
955 377
956 215
957 677
958 59
959 839
962 191
962 454
962 553
962 581
962 845
963 133
966 51
966 918
967 219
968 798
970 572
970 722
971 528
976 97
976 996
977 202
981 495
981 794
985 185
987 356
989 268
989 618
990 815
991 81
991 808
993 68
994 575
995 998
996 30
997 420
