280 280
0 142
1 41
3 18
5 129
6 44
6 156
7 16
8 80
8 175
8 197
10 83
13 75
14 227
14 262
16 15
20 244
21 108
21 155
22 122
23 248
24 254
25 3
25 161
26 171
27 143
28 225
29 230
30 67
31 53
31 166
31 206
32 89
33 26
34 275
35 103
35 145
35 169
36 147
37 265
38 17
40 102
43 151
45 2
46 132
46 250
48 56
48 139
52 158
53 121
55 62
57 106
58 185
59 106
60 67
62 63
62 136
64 144
65 107
66 109
68 229
69 147
70 123
71 111
72 77
72 182
72 248
76 177
77 85
77 190
77 230
77 265
78 42
78 167
79 12
79 240
80 223
81 47
81 234
83 39
84 49
85 189
86 83
88 251
88 258
88 268
88 271
90 9
92 195
94 235
96 94
97 60
98 16
98 26
98 83
98 192
98 268
99 190
100 68
101 231
102 6
102 87
102 256
106 5
106 61
106 101
106 108
106 141
107 179
107 228
108 28
108 158
108 192
108 234
109 166
109 272
112 155
114 75
117 119
117 180
118 11
119 9
119 204
120 47
121 116
122 134
122 145
125 127
130 269
131 108
132 82
133 102
133 150
135 147
135 166
135 199
137 118
137 166
138 235
139 205
142 154
143 148
143 153
143 181
144 274
145 74
145 158
145 174
149 275
152 163
153 113
153 234
154 67
155 51
155 130
155 270
157 203
158 199
158 203
158 256
159 177
160 102
161 210
162 77
164 271
165 118
167 183
169 25
169 127
169 167
170 73
173 114
174 70
175 88
175 186
176 221
177 103
177 107
178 154
181 30
184 261
185 28
185 62
187 160
188 208
189 191
190 114
190 145
192 142
192 144
192 200
192 250
192 278
193 98
194 14
194 94
194 145
194 216
195 203
196 201
198 67
199 71
199 119
199 168
200 126
201 91
201 161
202 109
203 1
203 275
204 213
204 218
204 241
207 134
208 47
209 16
211 70
214 209
215 245
216 217
217 19
217 50
217 124
218 95
219 130
220 119
221 249
222 137
224 54
224 128
226 213
227 4
227 140
227 267
229 146
230 170
231 89
232 23
233 141
234 38
234 56
235 152
235 224
236 121
237 39
238 124
239 121
242 35
242 212
243 119
244 49
244 172
244 258
245 109
245 110
247 114
248 104
249 194
250 184
252 271
253 225
254 169
255 194
255 229
257 105
257 146
257 246
258 260
259 71
261 2
263 265
264 262
266 93
266 101
269 115
271 43
273 228
276 7
277 46
279 12
279 36
