180 180
1 138
2 142
5 112
6 34
6 98
7 43
7 149
8 27
9 96
9 106
11 93
12 87
12 151
13 20
15 91
16 136
19 98
21 103
21 122
22 46
23 131
24 90
26 132
28 12
31 0
32 67
32 73
34 1
35 13
35 63
36 116
38 139
39 155
40 72
41 83
42 25
42 64
42 69
43 154
44 30
45 158
46 88
46 132
46 133
47 91
47 156
48 133
51 108
52 76
55 43
56 64
56 80
57 49
57 164
60 19
64 3
64 166
65 70
65 121
66 23
66 40
66 115
68 7
69 89
71 100
72 119
72 135
74 177
75 98
76 45
76 168
78 85
81 72
81 95
82 72
83 158
83 179
84 56
85 14
85 112
87 145
89 58
89 67
89 113
91 153
92 10
92 12
92 161
94 134
95 2
95 12
97 57
99 143
99 160
101 169
102 108
103 17
103 31
103 33
104 18
106 109
108 137
108 173
109 98
109 146
110 96
111 25
112 29
113 4
114 79
114 127
115 9
115 37
116 128
117 53
119 54
120 95
120 123
125 31
125 35
125 86
126 136
127 34
127 107
129 55
130 61
132 74
132 152
133 50
133 124
134 36
134 46
139 125
140 60
144 27
144 44
144 59
144 126
147 49
147 151
148 110
149 93
150 98
151 13
152 24
154 34
155 177
156 27
157 118
157 162
158 178
160 15
160 105
162 116
162 136
163 158
163 170
165 72
165 141
166 39
166 174
167 42
169 69
171 93
171 103
172 17
173 65
173 69
173 77
175 18
175 71
175 143
176 116
177 130
177 159
178 175
179 53
179 62
179 85
179 121
