150 150
0 92
1 5
1 47
2 43
4 81
5 25
6 31
7 78
8 70
10 117
12 19
12 58
13 12
13 113
14 100
17 123
18 111
19 11
21 30
21 128
22 57
23 3
24 149
26 27
26 113
28 62
29 148
32 25
34 2
35 17
35 63
35 111
36 82
36 113
38 6
38 60
38 80
38 90
38 140
40 105
40 119
41 23
42 98
44 77
44 133
45 116
45 127
46 104
49 72
49 83
52 134
53 76
56 88
56 100
57 82
58 16
59 45
60 28
60 81
61 72
63 124
68 30
68 39
68 41
68 55
70 74
71 134
72 15
73 13
76 50
77 64
78 148
79 112
80 148
85 79
85 94
85 136
87 127
88 51
88 68
88 76
88 111
89 65
91 13
93 6
95 37
95 127
96 128
97 104
99 75
99 93
101 5
102 2
102 34
102 48
102 101
104 110
106 92
106 111
107 31
107 33
108 8
108 30
109 24
109 66
110 103
111 115
112 20
112 149
114 64
117 68
118 73
118 86
119 19
120 5
121 12
121 61
121 88
121 104
122 45
125 65
126 86
127 67
128 54
128 135
129 58
130 12
130 127
131 103
132 137
132 144
133 84
133 141
133 148
134 145
137 69
137 88
137 101
137 148
138 118
139 23
142 148
143 97
144 42
144 65
145 88
146 28
147 88
148 79
149 9
