2144 2412
0 480
0 1750
1 1428
2 868
3 1126
3 1419
4 168
4 466
4 2123
5 148
5 1566
6 1643
7 449
7 680
7 1449
10 2115
12 61
14 2
16 310
16 842
17 728
19 1655
19 1874
21 272
21 1797
22 756
22 920
22 1614
23 499
23 2139
24 660
25 222
27 1039
27 1372
28 686
28 1390
29 1557
30 1016
31 137
31 1696
32 45
33 1987
35 634
36 416
37 1764
38 302
39 1180
39 1393
40 81
40 2040
41 20
41 1260
42 726
44 1275
47 1821
49 706
50 1338
51 601
52 1151
53 236
53 378
55 214
55 1948
56 1176
56 1564
57 716
60 344
60 827
60 1355
60 1836
62 611
62 1565
63 239
64 397
64 949
64 1208
65 832
65 1727
67 1933
68 760
68 849
69 628
69 1841
70 1306
71 1468
72 368
72 406
72 1467
74 1796
75 314
76 82
76 934
77 933
78 275
78 1401
79 808
79 1625
81 600
84 1363
85 216
85 526
86 1201
87 1144
88 474
88 798
89 1064
89 1287
90 404
93 1529
95 560
97 892
98 91
98 155
100 1800
101 1678
102 2056
103 625
103 1270
103 1368
103 1495
107 820
107 1077
108 17
109 1387
110 1163
110 1910
111 1070
112 146
112 1691
114 555
114 1570
116 334
117 1427
119 1043
119 1094
120 1888
121 724
122 921
122 2115
124 373
125 1476
126 58
126 1469
127 830
128 302
129 1038
130 1883
131 973
132 508
133 825
134 2100
135 1547
136 361
138 319
139 1538
140 1786
141 1107
141 1108
142 1824
143 795
143 2112
144 1259
144 1694
145 1853
146 1597
147 737
147 984
147 2030
148 2005
149 387
149 1612
150 514
150 1982
151 1095
153 895
158 599
159 1148
159 1668
160 741
162 2022
163 489
164 1070
164 1079
167 1977
168 1639
169 131
169 161
170 49
170 1915
171 12
172 173
174 156
174 2028
177 189
177 777
178 812
179 147
180 1621
181 1889
182 970
182 1058
182 1951
183 1937
184 948
184 1192
185 567
186 2119
187 899
187 1822
189 796
190 1068
191 1298
191 1707
192 1764
196 237
196 1374
197 72
198 796
198 1821
199 588
199 1005
201 952
202 1077
203 1186
203 1939
205 445
206 841
207 1770
208 802
208 1717
210 629
211 522
214 1136
215 139
215 1222
217 730
218 1862
219 432
219 1453
220 1508
221 649
222 1462
223 73
223 2137
226 1256
227 2059
228 448
230 1847
231 129
232 2111
233 1029
233 1589
234 336
234 1277
235 435
236 566
240 339
240 2062
241 886
241 1668
242 610
242 1983
243 1981
244 903
245 1236
248 1732
249 1335
250 1972
251 1819
251 1829
252 356
252 493
252 1547
252 1982
253 65
253 1545
254 348
254 644
254 1954
255 749
256 116
256 2138
257 440
258 535
258 1012
259 533
259 1542
259 2078
260 1677
260 1750
261 1954
262 1651
263 5
263 341
264 1655
265 1635
267 1408
268 2090
269 1407
270 196
271 1040
273 1650
273 1867
275 1163
276 1305
277 1470
279 1484
279 2020
280 66
281 922
281 1896
283 155
283 495
283 851
283 1818
284 706
285 1556
285 1595
287 1824
289 725
289 1013
290 786
290 1802
291 1702
291 2014
292 1155
292 1317
293 1026
294 11
295 771
297 52
297 862
298 1202
298 1828
301 260
301 1301
303 623
303 1201
305 1523
306 1621
308 412
310 2044
311 458
312 1479
314 512
314 2110
315 546
315 811
316 1267
316 1995
317 1110
318 1189
318 1326
319 594
321 1062
321 1085
322 1360
323 1459
324 729
325 593
326 197
327 682
328 420
329 280
329 2062
330 667
330 1462
331 1828
332 1728
333 1669
337 858
338 1226
339 1335
340 1799
340 1835
341 1520
342 1229
343 868
343 1553
345 1193
345 1870
346 813
347 595
349 467
349 548
349 907
350 1604
351 294
351 790
352 94
352 1533
353 1845
354 559
354 1674
355 334
355 653
355 936
357 1085
358 1390
359 1640
361 200
362 854
362 1965
363 842
363 1875
364 1338
364 1936
366 122
367 1670
368 1565
369 105
370 491
370 738
371 1256
371 1515
372 24
372 128
372 1860
374 1295
374 1637
375 803
375 864
375 1803
376 1722
376 1808
378 1118
379 985
380 2017
381 169
382 1451
383 1025
383 1989
384 377
384 1023
384 1308
385 61
385 1293
386 1388
388 1435
388 1795
389 844
390 193
390 1144
391 424
392 911
393 612
394 320
395 1266
395 1490
397 250
398 1128
398 1672
399 1915
399 2101
401 998
402 1313
404 157
407 1916
408 1665
409 217
409 1879
410 1463
411 123
412 104
413 780
413 1010
414 2050
415 664
415 1599
416 1203
417 2072
418 676
419 1754
420 1344
421 132
421 537
423 1629
426 1063
426 1575
427 755
428 1717
429 247
429 992
430 228
430 1366
432 1302
433 373
433 924
434 93
434 1195
436 1912
437 1631
438 2014
439 1531
439 1967
440 856
441 158
442 471
443 296
443 1511
444 1529
447 770
447 932
447 1772
447 1928
448 2042
450 1672
451 1030
451 1510
452 1687
452 1898
453 425
454 1602
455 445
456 1943
457 2079
458 1684
459 442
460 795
460 1160
461 124
464 161
465 1356
467 309
468 1667
470 974
470 1675
471 464
472 1584
473 771
474 1968
475 537
476 1084
479 1487
479 1661
480 1067
481 176
482 1201
482 1472
483 507
483 1421
484 599
485 1823
486 746
487 1033
488 2020
491 473
492 1503
493 939
495 2099
496 358
496 515
496 1953
497 230
498 809
501 839
501 1262
502 1072
502 2120
505 586
505 1969
506 1319
506 2058
507 206
508 74
508 1897
509 664
510 985
512 1579
513 96
514 2077
515 1681
516 1300
516 1350
517 1791
519 247
519 1730
520 206
521 1042
523 1148
525 1943
526 1981
529 296
530 2046
531 1441
531 1537
532 2028
533 2071
534 338
534 1132
535 1827
536 313
536 680
537 1485
538 759
538 1760
539 1743
540 772
540 877
540 1224
542 1209
543 1856
544 1532
545 577
545 1745
547 1269
549 1765
551 840
551 2069
553 1673
554 806
555 1284
556 1652
557 609
558 1572
559 1659
560 780
562 528
564 1808
565 1455
567 2121
568 304
568 1401
569 879
570 320
571 487
571 761
571 1558
572 336
573 1129
573 1218
574 1857
575 1556
576 1207
576 1984
577 1870
578 811
579 286
579 1306
581 102
581 882
582 2029
583 1781
583 1922
584 1274
585 287
585 917
587 1996
589 1158
589 1263
590 1439
591 972
591 1281
592 156
593 858
593 999
594 105
596 1375
597 1
597 1663
598 1786
598 1975
601 498
602 565
603 851
603 1906
604 963
604 1529
605 528
607 1340
607 1757
610 828
613 910
614 859
615 580
616 401
616 1489
619 2135
621 913
622 1448
624 1344
624 1900
625 818
626 186
626 312
627 740
628 380
628 2010
629 1173
630 244
630 925
631 173
631 1102
632 246
632 1959
633 1599
633 1905
634 2080
635 511
635 1262
636 997
637 683
638 1339
638 1943
639 1224
640 1030
641 125
645 1146
646 562
647 152
648 541
648 1458
648 1903
649 1231
652 194
652 248
654 1091
654 1502
655 1125
656 860
657 559
657 957
658 518
658 1070
659 1766
661 494
662 889
665 940
665 1378
666 580
666 862
667 1504
668 1751
669 974
670 1758
670 1933
671 673
671 2053
673 1167
674 129
674 529
675 179
677 1965
678 1786
679 1027
681 262
681 1320
682 820
684 163
684 1624
685 249
687 975
687 1915
688 32
691 1356
692 704
692 1047
694 527
694 642
694 1261
694 1977
695 485
697 54
697 1989
698 1201
698 1214
699 873
700 1983
701 478
701 1992
702 870
702 1841
703 97
703 666
704 563
706 651
707 52
708 874
708 2002
710 457
711 696
712 793
714 558
714 662
716 1944
718 569
718 1980
720 1838
720 1885
721 41
722 418
722 564
722 2060
723 1285
724 300
724 1215
725 224
726 1632
727 104
727 1323
728 1656
731 260
732 361
733 796
733 1768
734 1938
735 623
736 424
737 18
739 1459
739 1652
741 612
741 1902
742 1677
743 34
743 1596
744 269
744 2036
745 1593
746 101
746 446
747 481
747 1398
747 1830
749 494
750 1717
751 1057
751 1809
752 225
752 1048
753 1751
754 555
756 365
758 1810
759 552
760 1034
761 408
762 2042
763 255
763 1893
764 1397
765 923
766 1164
767 819
767 1588
768 811
768 1976
769 1133
771 1889
772 1294
773 474
773 1792
774 462
774 1790
775 1155
777 748
777 792
777 1167
778 1066
779 403
779 1832
780 809
781 489
782 734
782 2044
783 1215
783 1371
784 1392
785 129
785 200
786 435
787 849
788 195
789 1101
790 424
791 620
791 1746
792 140
793 396
794 229
794 243
794 1234
794 1493
795 2120
796 1124
797 1001
799 1783
801 1212
804 22
804 1566
805 392
805 592
805 1021
806 1017
807 1138
808 1106
808 1557
811 655
813 1198
814 1452
815 1826
815 1921
816 276
816 1213
817 86
818 2074
820 1729
822 1275
823 1466
824 1902
824 1905
825 1886
826 1835
826 1939
828 469
828 1725
828 2068
829 366
830 898
831 770
833 1089
834 154
834 850
835 2127
836 1633
836 1739
837 2097
839 4
840 497
840 1246
840 1720
841 396
843 1475
845 885
845 965
846 80
846 666
847 956
847 1180
848 1896
852 162
852 556
852 1272
853 306
853 986
855 1558
856 171
857 394
860 1440
861 406
861 887
863 1423
863 1767
864 753
866 1367
866 1745
867 711
869 450
869 1654
871 627
871 1973
872 801
873 416
874 410
874 1587
875 929
876 949
878 993
880 2051
881 1027
882 490
882 1056
882 1328
883 1800
883 2025
884 499
884 1049
885 318
886 426
887 513
887 524
888 1709
888 1972
890 672
891 2128
892 584
895 619
896 96
896 608
897 979
898 643
900 758
902 500
903 1766
904 488
904 1358
905 614
905 2122
906 496
908 377
908 771
909 713
909 1924
910 894
912 357
913 278
915 1266
916 608
916 1264
917 1022
918 1094
919 1345
920 1648
921 13
922 1346
924 109
925 133
925 1303
925 2070
926 1774
927 166
927 190
928 642
928 1631
929 1296
930 432
930 848
931 1418
931 1616
932 1931
933 1665
934 266
935 365
937 1654
938 1749
938 1881
939 202
941 171
941 1993
942 445
942 646
943 1023
945 962
945 1944
946 1060
947 300
948 1460
948 1855
950 799
951 1389
951 1439
953 1331
954 210
954 997
955 1225
955 2072
956 426
957 764
958 539
958 1872
958 1975
958 2092
959 1759
960 286
961 746
961 1075
964 543
964 1775
965 1909
966 2125
967 209
968 359
968 1643
969 213
970 1868
971 1567
972 889
972 1278
973 1008
975 232
976 1540
977 1168
978 1174
978 1862
979 1988
981 1164
981 1585
982 423
982 1193
983 1421
984 402
986 183
987 1104
988 180
989 26
990 1065
991 778
992 288
992 323
992 2117
993 1195
994 195
994 600
994 1603
995 967
995 1578
996 1039
999 1538
1000 1099
1000 1265
1002 239
1002 1003
1003 1131
1004 1780
1004 1851
1005 2034
1006 844
1006 1272
1007 514
1008 99
1009 486
1011 700
1011 1930
1012 878
1013 48
1014 231
1015 723
1015 2014
1018 1386
1018 1641
1019 1598
1020 1555
1020 1827
1021 548
1024 416
1028 1248
1028 1634
1029 83
1031 757
1032 736
1032 1556
1036 317
1037 311
1038 36
1040 115
1042 63
1043 835
1044 1337
1045 1347
1045 2103
1046 620
1046 720
1048 693
1048 914
1049 819
1049 1263
1050 775
1051 1040
1052 1172
1053 1973
1054 391
1055 2021
1058 145
1060 522
1061 566
1061 1420
1062 1164
1064 1138
1064 1197
1065 2065
1066 479
1067 1641
1068 1682
1069 521
1069 1710
1071 503
1071 2011
1072 1010
1073 1540
1074 466
1074 637
1075 360
1078 152
1078 257
1080 1308
1082 154
1082 185
1082 901
1083 926
1086 204
1086 1800
1087 1476
1088 6
1089 118
1089 1664
1089 1958
1090 100
1091 204
1092 850
1092 1278
1093 2048
1094 387
1095 1655
1096 1525
1097 1027
1097 1512
1098 1637
1099 1489
1100 1104
1101 346
1101 947
1101 1761
1102 1446
1103 1070
1104 831
1105 193
1105 1009
1105 2088
1106 721
1107 474
1109 1244
1109 1388
1110 948
1111 977
1111 1222
1111 1756
1112 561
1113 295
1114 2141
1115 1027
1115 1645
1116 1533
1116 1686
1118 1615
1119 1611
1120 1219
1120 1748
1121 937
1122 1307
1123 1478
1126 10
1126 48
1126 1514
1127 1423
1128 1406
1129 776
1130 1640
1131 1408
1132 2041
1133 959
1134 1293
1134 1356
1135 518
1137 898
1137 1942
1139 936
1140 1491
1140 2070
1141 15
1141 1650
1142 2040
1142 2087
1143 1525
1143 1591
1144 83
1145 212
1146 1607
1147 136
1147 1748
1149 379
1149 838
1150 650
1150 822
1152 663
1152 976
1153 1176
1156 171
1156 1897
1157 805
1157 1733
1158 188
1158 713
1159 167
1159 784
1160 1863
1161 1240
1161 1920
1162 596
1162 1855
1163 1016
1164 1001
1165 468
1165 1384
1166 1510
1166 2047
1169 1845
1169 1935
1170 891
1170 1638
1171 695
1171 1872
1172 29
1173 1912
1174 907
1175 267
1175 1710
1177 1537
1178 1937
1179 1687
1180 333
1180 1034
1181 1344
1181 1699
1182 422
1184 288
1185 705
1185 960
1186 651
1187 212
1187 1007
1188 582
1190 1653
1191 106
1194 32
1194 90
1195 225
1195 335
1196 1189
1197 157
1198 411
1199 1236
1199 1891
1200 690
1202 1158
1203 1739
1204 1183
1204 1992
1206 187
1207 766
1208 901
1209 1345
1210 550
1211 313
1211 1017
1212 980
1214 935
1216 432
1216 645
1217 990
1217 1879
1218 1592
1220 1498
1220 2027
1221 1460
1223 1310
1223 1866
1225 1364
1227 233
1227 553
1228 1234
1228 2029
1229 1742
1230 1033
1230 2009
1231 1577
1232 1073
1233 1372
1235 946
1235 1090
1235 1758
1235 1797
1237 199
1237 492
1238 475
1239 70
1240 1911
1241 503
1241 707
1242 542
1242 1080
1243 1040
1243 2031
1244 724
1245 2052
1245 2079
1246 270
1247 2047
1248 940
1249 615
1250 7
1250 1880
1251 1437
1252 585
1254 2037
1255 676
1255 1518
1256 1273
1256 1970
1257 211
1257 2049
1258 1049
1259 1756
1261 719
1262 337
1262 500
1264 26
1264 326
1264 1904
1265 1025
1265 2043
1267 42
1267 425
1267 1026
1268 561
1269 1784
1271 1359
1271 1550
1273 108
1274 1331
1275 1441
1276 227
1276 1324
1277 1905
1279 1303
1280 1373
1280 1553
1281 716
1282 229
1282 1366
1283 381
1284 1239
1285 1014
1286 199
1288 613
1288 899
1291 1054
1291 2116
1292 1114
1292 1478
1292 1861
1292 2055
1295 1495
1296 34
1296 1330
1297 313
1297 2133
1298 699
1299 510
1300 943
1301 180
1302 455
1304 742
1304 1705
1305 762
1307 1124
1309 1130
1311 180
1312 87
1312 360
1313 1251
1314 787
1314 788
1315 639
1315 1349
1316 299
1316 1088
1318 702
1318 879
1321 9
1321 1853
1322 606
1323 422
1324 1943
1325 409
1326 1755
1327 73
1327 1353
1328 1978
1329 740
1329 1041
1331 1059
1332 375
1332 1056
1333 324
1333 504
1334 431
1334 1213
1336 902
1337 983
1340 1971
1341 1757
1342 1402
1343 471
1343 1457
1344 166
1345 1113
1345 2018
1346 37
1346 309
1346 532
1347 750
1348 1353
1348 2095
1350 795
1351 1759
1352 45
1352 1447
1353 176
1353 238
1354 1289
1355 669
1356 1658
1357 356
1358 130
1359 546
1359 2032
1360 1809
1361 325
1362 52
1362 1059
1364 1683
1364 1938
1365 1528
1366 1226
1366 2090
1367 91
1369 1339
1370 35
1370 327
1370 1357
1371 304
1371 1037
1371 1922
1373 1653
1374 446
1376 919
1377 386
1378 1144
1379 1785
1380 1270
1380 1432
1381 755
1381 1999
1382 104
1382 2104
1383 11
1384 588
1385 747
1386 988
1387 1335
1389 115
1391 578
1391 1112
1394 2098
1395 124
1395 419
1396 355
1396 1865
1398 205
1399 1771
1399 2039
1400 465
1400 821
1401 1377
1401 1666
1402 852
1403 160
1403 1752
1404 1098
1405 1238
1405 1993
1406 123
1406 1763
1407 1286
1408 952
1409 689
1409 1624
1410 1882
1411 1415
1411 1679
1412 1196
1413 106
1414 1971
1415 1967
1416 66
1416 881
1417 918
1417 1967
1418 559
1419 2004
1420 661
1420 1123
1420 1268
1421 912
1421 1022
1422 994
1423 1639
1424 1076
1424 1119
1424 1670
1424 2034
1425 1305
1425 1908
1426 1534
1427 1136
1428 43
1428 2097
1429 508
1429 872
1431 172
1431 1412
1432 854
1433 1260
1433 2089
1434 389
1435 414
1436 1117
1436 2026
1437 619
1438 1886
1440 137
1440 463
1442 188
1442 1893
1443 656
1443 800
1444 1296
1444 1583
1445 1153
1446 282
1447 135
1448 71
1450 92
1450 1121
1453 192
1454 264
1454 1525
1455 1697
1456 1629
1456 1638
1456 1850
1461 660
1461 1083
1463 1784
1464 1055
1465 274
1465 1844
1466 1833
1468 2124
1469 1581
1470 837
1471 67
1471 113
1472 1882
1473 220
1474 1305
1474 1341
1475 1913
1476 509
1477 1081
1477 1955
1480 821
1480 1559
1481 400
1481 1163
1482 257
1482 691
1483 216
1483 268
1483 1962
1484 2089
1485 1375
1486 1716
1486 1917
1488 233
1488 1825
1490 2
1491 151
1493 517
1494 472
1494 537
1496 46
1496 2142
1497 650
1499 1184
1499 1342
1499 1788
1500 1778
1501 1445
1501 1605
1502 1933
1503 1299
1503 1780
1504 484
1504 817
1505 1432
1507 575
1508 554
1509 278
1509 1135
1511 1298
1512 124
1513 194
1513 2077
1514 1319
1516 71
1516 461
1517 2106
1518 1951
1519 382
1521 1767
1521 1927
1522 246
1522 2020
1523 1928
1524 729
1524 1435
1525 1279
1526 2038
1526 2129
1527 1671
1527 1896
1528 1877
1532 1438
1535 720
1537 59
1539 38
1539 99
1540 1685
1541 462
1541 1546
1543 1127
1543 1336
1544 593
1544 683
1545 991
1546 1556
1548 1761
1549 985
1549 1762
1550 221
1551 23
1551 1103
1552 1663
1553 1980
1554 169
1554 1929
1555 1529
1560 1177
1561 435
1561 1811
1562 196
1562 900
1564 602
1567 236
1568 210
1568 2126
1569 1145
1569 1370
1570 1331
1571 1359
1571 2030
1572 1372
1573 1875
1574 1191
1574 1661
1575 307
1576 689
1577 18
1577 153
1577 865
1578 1882
1579 305
1580 1657
1581 944
1582 675
1582 1125
1583 1647
1584 117
1584 980
1584 1192
1585 206
1586 557
1586 2027
1588 1079
1589 1254
1590 104
1590 618
1591 544
1592 2079
1593 272
1594 800
1594 898
1595 1802
1596 1811
1597 1258
1598 764
1600 950
1600 1653
1601 332
1601 1383
1601 1507
1602 586
1604 335
1605 893
1606 65
1607 1385
1608 314
1608 2073
1609 870
1609 1653
1610 138
1610 659
1610 855
1610 2143
1612 730
1613 274
1613 570
1613 875
1614 621
1615 2032
1616 595
1616 717
1617 175
1617 1105
1618 702
1618 1563
1619 685
1619 829
1620 1580
1620 1671
1622 235
1622 322
1623 514
1624 459
1626 1035
1626 1559
1626 1888
1627 1506
1627 1815
1628 127
1628 1283
1630 527
1630 2049
1632 1530
1633 348
1634 367
1635 1501
1636 679
1636 1452
1640 590
1642 780
1642 1715
1643 9
1643 1210
1644 1693
1645 1335
1646 33
1647 1200
1648 1504
1649 549
1649 2039
1650 1205
1650 1701
1651 1542
1654 617
1654 1320
1655 1744
1656 1220
1657 349
1658 1351
1659 686
1660 1053
1662 1506
1663 94
1663 265
1664 1178
1665 261
1665 369
1666 781
1667 985
1668 672
1668 1188
1669 523
1672 640
1672 2046
1673 1611
1675 1930
1676 602
1676 877
1678 1847
1680 2
1681 1002
1682 820
1683 1907
1684 789
1685 299
1686 1176
1688 286
1689 444
1689 897
1690 1473
1691 1893
1692 1973
1693 438
1694 449
1695 322
1695 1330
1696 1560
1697 893
1698 1168
1698 1361
1698 1646
1699 934
1700 1052
1700 1358
1701 428
1702 361
1703 238
1703 1423
1704 1587
1705 833
1706 1949
1706 2045
1707 254
1708 1253
1708 1457
1709 716
1710 710
1710 894
1711 576
1711 1087
1712 1008
1712 1253
1713 32
1713 1623
1714 803
1715 1966
1716 213
1718 717
1718 1117
1719 1024
1719 1500
1720 51
1721 16
1721 1154
1722 1467
1723 648
1724 643
1724 1008
1725 245
1728 435
1729 266
1730 1606
1731 347
1731 1019
1732 478
1732 1287
1733 113
1734 1408
1734 2007
1736 693
1736 1740
1737 1625
1737 1714
1738 173
1738 2117
1740 1674
1741 77
1741 134
1742 1505
1743 709
1744 574
1745 1961
1745 2006
1746 953
1747 1782
1747 1989
1749 1100
1751 1426
1751 2118
1752 308
1753 1531
1753 1890
1754 802
1755 479
1757 1819
1757 2132
1759 120
1759 563
1760 121
1762 220
1763 1247
1765 328
1765 776
1768 1477
1769 611
1769 1428
1770 1435
1771 934
1772 2054
1773 1057
1773 1601
1774 1517
1774 1918
1775 887
1776 530
1776 1290
1777 50
1777 1404
1778 732
1779 587
1779 1931
1781 30
1782 998
1785 20
1787 1369
1788 282
1789 322
1789 857
1790 1364
1791 890
1792 1036
1793 1338
1794 342
1794 374
1796 647
1798 711
1799 1854
1800 1392
1801 709
1801 748
1803 1322
1804 173
1804 832
1805 405
1805 1813
1806 1953
1807 259
1807 1952
1812 807
1812 1183
1812 1289
1812 1519
1813 436
1814 823
1814 1063
1815 313
1816 1489
1816 1787
1817 1477
1817 2053
1818 696
1820 1644
1822 1492
1823 1553
1825 1634
1827 969
1827 1995
1829 431
1829 1294
1831 1041
1831 1795
1831 1999
1831 2131
1832 218
1832 745
1832 911
1833 2087
1834 307
1835 550
1835 1232
1836 226
1837 1948
1838 754
1839 1358
1839 1998
1840 706
1842 1464
1843 8
1843 1314
1844 690
1844 1430
1844 2136
1846 5
1846 441
1848 1662
1848 1698
1849 1249
1849 1840
1851 1690
1852 688
1852 1732
1854 1309
1856 271
1857 1354
1857 1901
1858 57
1858 1082
1859 741
1859 867
1860 463
1861 331
1863 95
1863 843
1864 1206
1864 1765
1865 480
1866 540
1867 614
1868 1640
1869 209
1869 1613
1870 719
1870 1050
1871 915
1871 1786
1873 996
1873 1368
1874 1451
1876 636
1877 1135
1878 293
1878 876
1878 923
1878 1917
1880 838
1881 44
1882 25
1883 880
1884 572
1884 711
1885 427
1886 165
1886 353
1887 480
1887 677
1890 1903
1892 1310
1893 2141
1894 284
1894 1540
1895 1479
1895 1863
1896 605
1898 237
1899 118
1899 1108
1900 1031
1901 477
1904 43
1905 618
1906 393
1907 424
1908 1483
1909 469
1910 1624
1911 585
1912 1376
1912 2108
1913 178
1914 971
1914 1726
1915 80
1916 384
1918 59
1919 405
1919 1626
1920 1205
1921 445
1923 456
1923 1220
1924 810
1925 1325
1926 1499
1926 1573
1927 1830
1929 1576
1930 1704
1930 1891
1932 1515
1933 403
1934 653
1934 1432
1935 2109
1936 972
1937 58
1937 798
1940 277
1940 1501
1941 906
1941 1616
1942 372
1945 142
1945 520
1946 92
1948 944
1948 1221
1949 1064
1950 14
1950 1394
1952 1450
1955 966
1956 614
1956 1252
1957 1806
1957 2007
1958 1311
1959 865
1960 619
1960 1947
1961 437
1962 1414
1963 71
1963 814
1964 111
1964 1520
1966 812
1966 1179
1966 2069
1967 1925
1968 1837
1969 122
1970 525
1973 207
1974 1372
1976 236
1978 808
1979 1497
1979 1774
1983 547
1983 1413
1984 712
1985 471
1985 715
1986 1365
1987 511
1988 1048
1989 1219
1990 46
1990 1096
1991 1406
1994 374
1994 1974
1996 1537
1997 1290
1997 1450
1998 41
2000 344
2000 874
2001 318
2001 1727
2002 1932
2003 987
2003 1536
2004 454
2004 504
2004 1660
2005 1135
2006 1850
2008 524
2008 722
2009 644
2010 668
2011 555
2012 609
2012 1265
2013 400
2013 715
2014 54
2015 220
2015 1449
2016 764
2016 914
2017 606
2018 1876
2019 257
2019 1047
2020 1947
2021 1829
2022 16
2023 1534
2023 1563
2024 210
2024 1035
2026 1002
2029 1093
2031 182
2033 678
2033 1122
2035 641
2035 797
2036 1634
2037 175
2038 1991
2041 2029
2043 1820
2045 477
2047 552
2047 1548
2048 1834
2049 1317
2049 2025
2050 705
2052 2102
2054 1275
2055 1726
2056 1735
2057 476
2057 1076
2058 1692
2059 827
2060 1051
2061 576
2061 1182
2062 13
2062 224
2063 286
2063 1535
2064 15
2064 622
2065 1314
2066 989
2067 735
2067 1430
2068 1487
2071 47
2072 1154
2072 1434
2073 1104
2074 1139
2075 64
2075 1530
2076 962
2076 1793
2078 1081
2079 1492
2080 82
2081 1422
2081 1679
2082 1094
2082 1458
2083 1084
2083 1503
2084 23
2084 810
2085 602
2085 1842
2086 1536
2086 1723
2087 8
2087 1393
2088 1810
2091 84
2091 181
2092 1680
2093 453
2093 963
2094 350
2094 1397
2095 1826
2096 187
2096 757
2098 1190
2099 1456
2100 1298
2101 663
2102 201
2103 859
2104 1476
2105 1176
2105 1892
2106 1440
2107 490
2107 1379
2108 738
2109 571
2110 541
2111 1151
2113 1489
2113 1498
2114 409
2114 1603
2116 417
2118 1735
2119 407
2119 1363
2119 2112
2121 765
2122 1044
2124 1717
2125 1946
2126 769
2127 75
2128 1798
2129 617
2130 628
2130 1783
2131 1688
2132 1349
2133 1111
2134 1552
2134 2066
2135 2051
2136 1410
2137 2123
2138 731
2139 1986
2140 1233
2140 1338
2142 1857
2143 165
