1849 1956
1512 1641
502 1258
961 1581
1163 1312
752 1102
79 889
134 1240
1176 1482
922 1478
744 1547
447 1118
227 1353
1205 1387
839 1478
1685 1806
1359 1426
160 1455
771 1423
928 1065
400 876
229 1752
1675 1819
499 1291
477 758
454 1558
917 1134
254 651
1408 1484
1169 1399
1093 1816
104 498
325 1789
1217 1438
266 998
24 566
408 819
632 1640
492 1340
618 1018
1145 1618
469 1690
852 1560
855 1635
791 1319
455 1068
117 320
255 1558
189 1135
149 897
1581 1760
1427 1711
1250 1274
1436 1669
340 344
610 692
1474 1691
576 1596
836 1102
1490 1726
58 327
673 1792
1142 1209
686 792
824 1575
375 1276
211 1429
970 1028
166 239
131 737
547 891
993 1334
48 1333
1249 1407
124 358
1626 1843
49 56
307 1604
14 1589
234 1369
310 436
1372 1687
261 1708
71 653
1048 1618
539 1036
1127 1165
222 1569
586 1228
277 1522
1633 1712
138 1193
1410 1573
582 1129
707 1356
559 1301
440 1847
639 960
1315 1711
791 1750
732 1702
783 1572
478 1416
695 767
160 639
393 1530
561 887
230 541
97 1249
996 1013
215 1705
925 1262
1463 1562
1124 1339
1490 1555
218 601
200 1374
711 1168
171 1415
187 1651
222 587
497 1691
50 1084
709 1271
957 960
515 1477
334 1736
1118 1787
627 1205
389 1007
1027 1846
908 1686
417 1303
303 367
1151 1431
46 1700
1338 1824
113 120
1214 1814
412 981
777 947
801 1431
718 1597
16 155
971 1404
938 994
29 1594
417 1059
775 1586
1361 1749
102 1564
283 1390
463 1359
429 847
7 1532
381 703
635 1740
439 719
201 1423
514 1123
428 1811
1463 1717
365 1565
1251 1548
294 790
419 1752
1312 1430
863 1195
34 1423
1118 1711
139 991
152 216
297 1100
1698 1732
1266 1496
600 873
397 898
1094 1295
1191 1209
1128 1788
118 735
270 1750
958 985
117 1728
496 516
1252 1495
76 1142
210 406
112 1106
313 806
1323 1551
1002 1050
435 1226
584 615
818 1528
13 1251
871 1058
61 1817
234 1805
561 1566
583 1760
885 1440
578 651
108 1785
133 811
19 1518
99 1740
13 976
335 891
1154 1703
1709 1743
544 1737
474 1632
499 1690
1244 1439
890 1756
148 1357
121 1747
40 308
504 1095
1491 1848
340 1103
567 1134
91 225
317 1226
611 1291
527 690
65 177
326 1066
283 1224
394 1351
1722 1843
1256 1454
574 1536
1088 1548
2 1021
782 983
541 975
1523 1806
528 978
111 1093
373 1081
491 1382
1264 1829
798 1413
177 269
448 1511
629 1367
1146 1159
829 1301
336 412
113 1402
676 1536
1001 1450
534 1034
678 1350
1229 1393
7 1154
87 1398
323 1576
575 1494
923 984
203 221
1248 1447
82 1470
1068 1602
564 1807
1380 1692
1383 1494
1212 1429
966 1182
116 814
864 1808
932 1138
735 1397
828 1497
426 1830
447 1587
834 1800
702 853
1404 1835
530 1741
1137 1543
443 1778
78 795
912 1096
1038 1498
474 746
217 532
731 1237
1030 1693
35 1435
236 1656
1299 1597
165 1052
803 1109
657 1363
764 1836
275 1013
853 1706
379 537
589 1600
1164 1407
497 1298
354 1261
1080 1178
45 1028
555 1801
727 1120
509 588
453 1603
278 776
1161 1659
62 801
337 982
63 1233
437 755
522 1498
1587 1827
50 508
1336 1549
840 1386
1763 1815
106 264
68 353
1354 1561
911 1613
1359 1441
772 982
55 1562
545 1626
892 1449
224 473
263 1291
868 887
424 1619
642 715
3 919
624 1511
1522 1711
159 965
522 1554
979 1440
68 392
805 1512
493 1001
607 1658
607 696
1318 1630
267 312
1352 1595
787 1258
42 193
557 743
1343 1459
4 1719
258 882
577 1759
140 733
295 1733
219 864
1151 1212
909 1418
1411 1588
665 1298
1025 1294
1344 1540
254 1457
1525 1714
126 1369
1386 1721
617 688
96 334
1148 1768
838 1826
807 1716
243 1215
279 1069
885 1060
1275 1579
372 533
1538 1683
786 843
168 906
7 1380
336 417
880 1180
1053 1554
1163 1210
158 209
1635 1654
405 1363
277 1777
473 1524
760 1668
402 1327
255 1790
578 721
616 1112
601 667
57 807
344 1724
812 1783
125 213
23 1126
1310 1738
36 595
916 1058
449 1049
400 1246
459 576
319 462
281 287
139 1271
121 862
720 857
27 1545
216 1828
1355 1503
413 622
1153 1814
355 1444
890 1075
1012 1439
789 1624
390 1679
146 524
722 1492
411 1821
1516 1766
730 1714
447 543
232 1551
1335 1804
260 1022
116 1599
1488 1634
710 1480
230 1052
415 513
783 1533
75 280
144 1039
1010 1590
591 884
38 1315
174 1473
963 979
931 1580
363 995
816 1192
142 1775
1156 1845
565 964
1210 1823
428 951
956 1084
147 453
503 710
571 746
1139 1568
1279 1638
902 1746
1200 1388
460 1420
548 932
524 1545
1435 1602
835 1553
249 589
909 1345
844 1406
780 1088
29 1778
207 1631
32 1661
828 1083
37 153
1040 1118
1279 1842
1347 1434
16 954
515 1495
371 1286
1 403
94 566
183 858
271 1609
852 1337
305 397
819 1079
1507 1569
519 1395
442 1234
569 627
612 1489
1277 1410
407 439
530 1108
921 1036
597 1375
1810 1834
823 1664
303 1686
85 1671
59 1185
1420 1497
249 529
558 727
832 1111
228 1617
170 1020
140 953
62 1289
672 977
194 256
265 1696
44 1409
706 1517
42 138
445 1611
803 1694
896 1159
1133 1290
701 1105
578 860
147 1532
278 1675
60 729
1072 1592
243 301
239 930
1132 1705
1076 1149
60 1731
1101 1642
759 1041
460 694
510 619
1101 1798
214 682
1259 1504
763 1447
756 997
688 1529
387 1465
403 1223
178 204
1697 1744
93 563
290 1377
706 1221
23 93
923 1636
963 1784
521 677
1042 1307
247 1415
532 659
662 800
978 996
1188 1771
782 1167
17 1292
557 645
47 850
418 946
282 901
12 1020
495 1331
164 172
210 711
232 1557
604 1608
993 1106
652 1140
878 1083
1242 1715
407 991
1382 1438
389 1686
486 1234
258 388
370 1539
190 1388
675 1586
284 1309
703 1076
376 1805
379 471
1019 1179
307 1672
931 1362
869 1819
197 795
486 1581
22 1316
151 1176
693 1787
625 1354
27 1812
587 1107
142 664
209 1619
999 1658
293 1665
49 1540
951 1655
1549 1708
657 1031
80 1544
141 1804
648 747
1467 1746
619 762
398 713
134 1273
1557 1598
49 155
1007 1571
685 827
1620 1804
1317 1592
191 636
679 1718
1550 1740
606 870
769 1311
404 1502
1422 1479
5 144
151 874
96 1235
45 315
938 1475
1355 1543
1430 1607
415 567
202 1148
637 644
957 1188
717 1227
1628 1674
942 1637
167 738
1366 1566
325 380
709 899
494 906
918 987
416 1795
125 1045
952 1441
430 1556
854 1291
843 983
604 734
356 517
196 851
482 1538
540 924
1106 1434
181 1379
240 1828
1235 1481
702 1299
475 1092
855 1810
119 1152
1396 1601
1521 1754
257 1171
157 441
286 1127
338 410
881 1708
68 811
295 1071
437 986
206 825
533 1832
757 1559
726 1307
118 335
854 884
1508 1578
1227 1437
600 1373
730 1306
223 1591
745 1552
28 606
408 1065
86 186
691 1221
77 842
1075 1365
315 1833
440 1029
314 1537
191 543
525 1177
202 883
227 893
162 1358
183 1721
1160 1837
375 1150
438 1421
1394 1634
43 282
658 1567
89 851
163 1577
1039 1720
697 1727
304 1182
299 1045
365 1008
654 667
274 519
320 1459
671 1574
904 1710
299 1452
1369 1505
668 1657
1537 1569
484 505
1004 1080
381 550
206 1534
333 707
738 1374
73 866
82 673
174 817
28 1108
897 1275
149 762
788 1798
176 1673
436 1830
174 1352
203 1287
1014 1483
425 490
123 447
451 1585
1143 1413
459 1713
670 902
184 1499
272 1216
759 1026
155 644
1267 1392
464 1448
551 1683
171 1061
1003 1389
1416 1765
882 1147
514 1008
1625 1680
103 1534
1236 1642
626 1359
349 815
413 842
135 256
217 1098
1121 1695
212 1561
350 1802
1087 1487
701 1343
1169 1372
705 1747
431 1637
617 1072
520 793
330 1823
485 1257
137 739
1340 1649
621 697
479 1121
14 115
804 1191
810 988
818 1130
148 1762
755 1329
787 1278
805 1684
822 1838
150 968
32 128
1239 1248
640 1247
1335 1370
796 1253
684 1417
167 1472
1024 1724
1162 1761
861 1504
590 1726
169 933
936 1342
101 1559
68 348
18 1152
723 1567
857 1023
1071 1702
695 790
492 910
454 1755
382 1311
44 120
856 924
81 434
770 1615
386 565
995 1506
1282 1286
849 1292
55 692
84 1283
789 1438
207 1110
1244 1846
91 145
1727 1738
649 1369
374 1324
186 1065
539 1305
10 643
1425 1437
1031 1509
419 1409
488 1785
1064 1632
943 1089
576 1350
1035 1173
880 1581
1703 1745
926 1196
1044 1566
878 1518
300 1158
231 653
418 876
3 797
133 1483
373 860
547 867
105 1744
632 1613
768 1782
31 94
273 1627
54 840
771 1310
450 1160
34 1406
593 927
629 859
1173 1578
195 966
958 1803
1399 1819
1004 1597
212 1631
900 1648
841 1464
1201 1528
603 1268
448 1229
774 1316
682 1322
11 289
236 888
774 1471
1197 1409
1629 1793
376 1270
596 633
1517 1809
339 1099
602 1569
1248 1424
630 1087
241 1000
109 185
766 1085
685 1113
649 1097
1064 1195
41 1839
716 1471
47 1186
161 733
223 919
954 1211
264 1047
748 770
937 1654
1219 1400
1006 1425
1062 1569
1113 1336
1492 1686
476 907
352 1840
739 1306
573 659
913 1364
680 1659
1086 1638
634 1629
812 1679
1208 1584
740 1708
242 829
252 490
1615 1743
398 501
913 1517
623 1499
83 1722
156 941
310 534
1657 1677
1401 1693
248 1624
537 1735
1505 1710
235 1395
539 845
674 1073
1283 1666
918 1756
624 1153
253 571
187 1184
466 1118
95 1784
1190 1202
610 765
1056 1570
562 1302
1238 1728
167 846
888 1706
939 992
446 967
724 1661
1119 1207
112 1326
1348 1520
177 630
353 1089
990 1563
74 333
969 1813
52 1267
489 988
33 444
511 1676
414 911
154 1681
329 470
1368 1825
66 136
302 1238
544 584
49 414
182 895
267 1458
1252 1485
546 1424
1196 1847
1735 1791
531 643
309 838
180 802
166 831
355 1791
1177 1666
281 1740
967 1284
385 468
328 928
1348 1432
608 1781
574 895
219 296
872 1373
396 971
1285 1644
441 1516
204 306
21 872
102 1453
275 1342
1320 1533
428 883
704 1263
509 1181
288 1711
104 847
411 1450
92 1029
402 1254
1057 1824
374 554
614 1599
550 622
53 1051
369 1831
1178 1468
332 1297
135 1818
989 1848
741 837
433 1833
1120 1270
690 1284
596 1308
192 1624
506 914
944 1123
1444 1626
1303 1801
1042 1647
1091 1223
298 455
779 942
1115 1309
287 1250
18 198
945 1253
877 1769
224 254
286 1081
72 1709
910 1322
551 956
88 1248
691 933
108 1328
1130 1230
1259 1503
650 1453
1140 1179
63 728
321 1103
101 680
883 969
939 1112
54 1128
1101 1643
781 1396
1654 1769
35 1657
106 1002
742 1757
265 1443
848 1101
512 1597
350 1018
330 655
912 1280
480 1037
380 1433
127 1063
103 163
226 972
1296 1687
19 323
154 187
15 1375
67 721
1011 1764
803 1460
763 799
1092 1812
206 752
292 758
1247 1593
462 848
1698 1765
580 1131
253 1411
981 1523
71 495
1232 1767
250 766
1100 1662
682 1046
378 1203
836 1461
24 597
1116 1445
457 1605
165 1206
581 1518
238 1800
1023 1143
1067 1167
81 292
1697 1796
1332 1428
466 1757
1019 1358
555 940
1368 1795
8 1175
1126 1685
750 871
51 321
647 1456
71 903
306 1452
221 1262
841 1788
766 1575
614 1341
1097 1383
396 545
830 1555
114 395
836 1207
896 1006
43 1438
833 1531
345 417
318 1016
1493 1844
809 1473
1662 1771
6 1241
849 1777
52 450
681 1623
29 1560
560 1834
1116 1358
868 1402
513 1740
669 687
145 1704
766 964
26 666
71 1198
625 1755
158 1168
548 1104
245 874
794 1704
177 1418
1328 1627
347 1313
483 1458
1448 1652
324 1822
506 1723
181 846
1531 1639
1514 1745
10 56
73 1213
645 980
944 1554
808 1109
92 422
1428 1720
384 508
161 987
266 1165
289 1488
226 504
1051 1707
8 962
997 1622
259 1688
401 905
80 1556
409 1040
518 1688
124 866
72 1731
463 1802
1132 1820
391 712
764 1325
26 311
712 1333
268 719
1514 1525
563 635
346 1741
656 1158
1442 1739
820 1198
218 1527
603 1541
230 641
519 1360
592 1082
802 1736
1243 1695
652 1003
244 1479
784 1566
1012 1480
523 1268
156 1819
972 1721
660 1486
658 1799
1222 1564
503 881
1451 1454
178 1342
208 608
594 1544
322 1667
341 793
346 399
119 1748
1347 1616
129 399
184 1133
1233 1362
195 1180
1166 1373
1572 1633
646 1391
734 1650
618 1055
572 1776
65 1500
449 754
1341 1434
539 1351
798 901
471 1782
69 675
535 1403
339 611
792 977
128 284
683 726
1394 1842
950 1474
520 1460
141 1663
1058 1803
99 143
784 1017
1164 1502
1016 1398
586 1686
86 1381
417 659
1641 1721
210 1361
686 760
1096 1243
190 1043
9 1241
427 1689
786 1403
937 1387
1131 1166
898 1563
748 1122
57 234
1172 1838
75 1676
7 1294
1230 1449
535 1157
210 290
182 1163
715 1541
992 1674
538 1500
208 241
426 1623
458 1831
59 1163
558 1718
296 516
13 1026
477 850
130 936
1122 1305
768 1124
205 1367
370 1542
529 1433
314 1242
8 949
681 821
640 1150
298 569
98 322
1200 1606
594 962
1161 1408
577 1725
505 755
1256 1566
444 689
994 1195
409 595
1074 1220
175 1651
393 1742
347 1065
7 88
358 1353
107 1117
893 1601
1281 1751
1 1371
364 1144
436 736
270 1466
808 917
168 773
247 1684
1609 1683
633 753
90 907
410 1201
300 990
1388 1821
1125 1527
679 879
1373 1729
1114 1327
469 1129
1032 1462
198 773
716 1677
150 704
254 877
689 1412
342 1066
251 718
285 1078
364 875
830 1607
452 1519
886 892
1338 1608
1030 1451
836 1214
621 1187
111 1636
1319 1751
0 1287
1144 1670
22 560
1291 1742
663 1630
360 778
1581 1589
212 677
539 1175
218 553
1022 1282
1085 1650
312 929
507 1185
1035 1716
1024 1614
162 1660
167 1414
328 378
865 1646
273 1216
753 1156
159 1378
1005 1446
356 708
61 1099
363 940
1136 1337
100 1535
115 1526
898 1472
699 1841
29 1344
225 528
67 294
1653 1719
781 865
865 1732
167 331
1349 1749
431 1304
1552 1620
1365 1515
568 821
1318 1453
179 271
1061 1547
588 599
1579 1600
564 1321
573 823
837 1277
458 462
1215 1245
231 1231
1300 1304
1183 1694
250 831
100 1453
495 935
648 654
788 1240
1058 1321
427 747
1580 1792
568 1585
955 1517
126 744
1203 1656
834 1183
1189 1708
1624 1790
21 1323
552 1273
501 1835
896 1570
391 921
421 862
743 1639
131 1385
218 961
368 1468
185 1401
1204 1672
237 432
90 1257
1056 1145
1360 1744
95 1671
1218 1245
713 1065
1476 1813
1274 1506
371 1645
930 1780
661 826
491 879
1174 1359
164 280
757 1643
395 631
1060 1326
1078 1808
1442 1680
194 1574
445 1542
585 1583
421 1739
465 1366
305 1670
500 1381
359 665
700 1015
1059 1208
20 1218
796 1110
429 709
251 1754
361 1186
368 1136
420 456
481 1139
2 1774
1174 1501
233 720
351 1610
582 1147
470 638
461 772
1155 1507
1011 1356
242 472
1149 1330
220 1837
698 820
341 464
628 960
146 1077
383 1725
465 1090
6 519
267 950
297 645
170 276
948 1263
70 1317
392 1465
472 1170
1135 1384
71 953
446 804
331 1436
1163 1546
755 1515
41 481
85 1489
1543 1583
817 1604
1105 1832
926 1767
109 200
590 1419
754 1069
1046 1644
664 1149
324 591
631 963
1058 1470
974 1461
780 1392
613 1715
274 476
883 1773
386 1485
496 1479
498 1466
1385 1794
899 1443
777 927
511 1667
827 1779
467 839
117 152
357 451
809 1612
955 1397
78 1596
87 1469
244 669
169 552
1289 1346
896 1647
593 1296
934 1519
922 1543
11 248
153 1462
64 612
740 1202
432 1453
293 1224
1055 1378
187 1414
308 1744
1469 1479
261 737
122 822
905 1772
886 1622
252 941
132 1840
136 1573
970 1819
785 1276
613 749
1225 1345
70 1107
74 666
1137 1194
189 671
122 935
29 1396
512 1308
965 1228
729 1728
579 1264
157 1582
1054 1074
559 960
749 1826
1405 1665
1037 1610
440 1825
797 1476
132 684
945 1033
947 1043
313 1669
976 1094
467 1293
1419 1692
485 683
765 1329
105 354
17 1678
1222 1412
1155 1770
518 1796
767 1204
229 343
468 949
579 617
1699 1811
575 1763
813 1818
385 708
670 1464
382 1513
1486 1603
424 1513
1181 1193
638 1254
525 1034
137 1546
443 1508
401 556
725 908
682 1713
359 832
636 968
1388 1816
332 394
546 1844
291 986
536 1141
1086 1594
1184 1391
1054 1260
656 1737
251 1104
487 1728
1617 1648
674 1707
362 1414
698 1614
1346 1427
197 1288
461 1768
246 1481
861 875
592 1009
179 696
30 1048
39 1734
76 360
345 1590
215 327
1246 1584
1255 1265
342 776
1261 1593
64 240
77 369
198 1285
329 1297
434 1278
751 1195
825 1783
51 755
1314 1649
5 494
605 1053
856 1206
1313 1758
262 898
1172 1565
542 1377
25 1157
83 192
267 1070
237 637
646 1037
218 1682
676 1237
500 1280
815 946
1044 1320
262 1050
980 1789
279 352
276 1487
1457 1734
406 714
25 554
889 1370
867 973
213 799
377 1171
84 1829
1047 1293
114 372
1388 1426
318 452
337 647
1091 1699
15 1330
238 456
1314 1640
1178 1553
1082 1606
806 896
844 1621
316 655
609 934
288 1520
1455 1539
66 959
700 1146
694 1748
1178 1339
943 1000
483 1588
201 1723
40 1063
598 983
526 1390
199 900
562 903
609 1663
362 1021
1446 1836
1141 1217
272 626
1025 1117
484 1232
110 1179
175 1400
53 291
254 1417
361 756
20 263
199 1762
480 959
998 1612
110 1168
794 1239
948 1272
570 1759
388 583
357 1529
349 1550
1192 1772
1595 1689
769 1098
233 1721
661 1779
107 731
423 1700
616 628
196 1265
479 1597
68 1776
127 1598
800 1010
1475 1682
489 1119
430 894
317 732
39 761
37 143
1673 1786
699 723
257 536
869 915
1753 1770
348 1290
387 1393
813 883
540 1288
172 1626
615 1194
366 824
420 1621
188 1325
1114 1728
502 1201
724 1342
859 1841
1331 1510
97 1660
260 1793
1073 1231
599 742
9 69
771 1324
1678 1753
904 925
663 1591
999 1434
251 510
214 1422
553 1049
326 493
1300 1432
521 621
845 1786
269 1797
1213 1334
268 1733
235 1090
1456 1535
836 1764
785 1729
246 641
1219 1761
687 1696
46 1624
123 1186
1664 1780
1510 1524
1079 1199
1138 1628
581 1332
404 1067
914 1652
31 1809
475 1730
736 751
775 1015
285 745
98 835
58 1017
1285 1645
1302 1717
36 816
1701 1773
920 1571
367 488
205 422
1037 1766
1269 1501
556 863
438 1371
1057 1349
89 1530
650 1384
1379 1820
351 870
1187 1342
973 1236
211 602
1091 1781
304 1822
245 725
873 1260
1357 1445
728 1189
180 678
531 1225
1033 1774
343 507
1568 1794
750 1027
390 1421
416 1005
662 1032
442 1255
779 1062
1376 1477
38 309
761 1817
482 741
30 580
129 1683
228 598
585 1712
405 1014
383 542
672 897
722 985
668 693
259 1220
1077 1653
778 1389
549 1521
193 1195
1038 1125
1111 1827
33 1266
425 984
1199 1845
234 319
487 1070
929 1272
1369 1467
778 1730
1115 1493
0 858
826 1807
4 527
311 572
79 1041
48 620
1211 1655
220 1733
519 642
705 1248
130 1625
526 1616
605 658
915 1482
714 1376
1496 1701
989 1646
833 1668
538 1269
4 1197
1405 1681
377 1775
623 810
894 1491
549 1611
302 1605
457 620
176 338
173 435
423 975
1095 1815
523 717
316 660
1170 1758
433 1009
188 1799
12 1576
814 1162
916 1839
79 1281
634 1797
1577 1804
974 1509
1364 1484
366 570
301 1526
952 1190
478 517
384 1582
173 1295
920 1285
