450 450
0 111
1 271
1 387
2 104
2 245
5 393
6 242
6 325
7 439
8 98
8 209
8 382
9 177
10 77
10 302
11 99
12 191
13 149
14 382
15 379
16 33
17 426
18 177
20 74
20 431
21 210
22 414
22 429
23 304
24 57
28 135
29 99
29 156
29 224
30 48
30 82
30 182
30 190
30 250
30 297
31 362
32 189
33 342
34 445
35 100
36 294
39 339
40 424
42 434
43 132
43 166
45 269
45 301
46 35
46 413
47 210
48 229
49 19
52 204
53 60
53 164
53 337
54 29
54 50
55 25
55 233
55 411
56 251
56 257
56 301
57 389
59 175
61 255
61 437
62 131
62 240
63 433
65 174
66 27
66 260
67 232
67 317
68 127
69 259
72 289
74 8
74 150
74 160
74 231
77 274
78 289
79 429
80 350
81 374
82 124
83 61
83 369
84 217
86 41
86 129
86 292
87 66
89 329
92 237
92 253
93 71
94 222
95 330
95 421
96 169
97 205
98 293
98 351
99 230
99 446
102 380
103 30
104 98
104 297
105 63
106 280
106 365
107 74
108 131
108 345
110 368
111 193
112 138
113 65
114 238
114 390
115 401
116 436
117 168
122 71
122 361
122 382
123 138
123 221
128 336
128 426
129 78
129 171
129 262
130 248
130 322
131 73
131 218
133 396
134 194
134 355
134 357
134 383
135 59
135 121
135 153
138 98
138 238
138 294
138 323
139 216
140 7
141 339
142 183
143 191
145 74
145 339
146 382
147 119
147 225
150 100
152 332
154 9
155 73
155 432
159 174
159 441
160 277
162 201
165 9
166 64
166 421
167 251
168 332
169 230
169 346
170 201
171 416
172 384
173 239
174 130
174 201
174 259
174 284
174 356
176 201
177 16
178 53
178 393
179 392
182 215
184 416
185 3
186 22
187 214
188 195
188 296
189 354
191 10
192 362
193 156
193 417
194 233
196 171
197 372
197 388
199 96
202 224
203 135
205 76
206 419
207 26
207 102
207 125
207 311
207 384
208 77
209 337
209 349
210 206
211 155
212 202
215 49
217 58
217 227
217 262
220 329
222 136
222 313
223 244
223 265
224 282
224 433
225 37
225 145
227 315
230 262
230 436
232 203
234 85
234 118
235 223
236 132
239 249
239 299
241 16
241 213
245 407
245 425
246 43
247 99
250 163
251 374
252 150
253 261
254 151
254 191
254 294
255 52
256 353
257 321
259 66
262 74
263 158
263 448
264 392
267 282
268 69
271 181
272 212
273 383
275 104
276 230
276 280
279 64
280 226
280 402
281 64
282 305
284 127
284 134
285 32
287 217
289 420
290 284
291 99
292 200
293 389
295 135
296 98
296 421
297 91
297 364
299 207
299 440
300 3
300 83
300 159
301 98
301 177
301 332
303 6
309 134
310 45
313 341
318 150
319 68
320 439
324 62
324 179
325 142
325 209
326 308
326 426
327 4
328 154
329 4
329 90
329 178
332 120
332 189
333 33
334 128
335 421
337 148
339 126
339 181
339 258
340 329
340 360
340 363
343 298
343 355
347 13
347 131
347 270
349 234
349 283
351 38
351 263
351 312
352 307
353 88
355 198
355 344
358 228
358 334
359 159
361 88
362 109
364 338
366 436
367 8
367 313
367 331
368 343
369 219
370 206
370 439
371 384
373 13
373 288
375 75
375 129
375 157
376 438
377 410
378 80
378 397
379 101
379 442
382 62
382 206
382 243
382 284
384 23
384 150
385 214
385 239
386 166
388 282
389 180
391 201
392 159
394 332
395 248
397 2
397 161
398 131
398 314
399 275
401 306
401 446
403 97
404 344
405 418
406 129
408 21
409 70
409 446
410 222
412 440
415 97
415 206
418 117
419 286
421 44
421 400
422 396
422 439
423 100
424 237
426 262
427 146
428 283
429 316
429 381
429 422
430 144
430 292
431 216
431 348
434 59
434 265
434 276
434 278
435 173
436 307
437 266
438 237
439 137
442 117
443 226
444 234
445 361
446 237
446 362
447 402
449 51
449 230
